0 89 215 49 36 558 230 36 25 506 188 27 17 621 239 41 30 62 187 42 26 513 226 33 24 10 202 54 33 308 170 17 13 297 238 37 47 264 205 28 28 543 206 26 21 538 173 27 14 266 154 18 13 293 144 16 12 251 172 17 16 462 195 20 17 281 170 19 19 615 280 48 61 308 154 17 13 165 143 24 12 182 184 8 24 90 196 43 23 149 146 25 12 9 175 57 24 167 261 48 50 459 178 17 12 446 162 18 11 435 173 15 12 50 169 36 22 463 173 20 14 0 231 41 49 0 182 19 34 426 160 17 13 306 135 15 10 0 235 40 52 261 132 13 8 165 264 52 49 
1 87 215 48 37 556 229 34 24 506 188 24 16 619 237 44 30 537 204 30 22 512 225 32 23 62 188 42 25 308 170 16 14 537 173 27 13 10 202 54 33 266 154 18 14 281 171 19 18 297 241 37 47 293 145 16 11 263 209 29 24 462 195 19 16 308 154 17 13 251 172 17 16 165 143 24 12 610 277 52 66 181 184 9 25 92 197 39 22 162 262 52 54 8 176 59 23 149 146 25 12 461 173 21 14 49 170 37 21 445 162 19 12 458 178 18 12 434 173 15 13 0 182 19 35 0 236 39 51 426 160 17 13 306 135 15 10 261 132 13 8 
2 86 216 49 36 553 228 35 23 505 188 25 16 63 188 41 25 619 236 44 31 536 202 29 23 510 224 32 23 536 172 27 14 308 170 17 15 11 202 53 33 262 209 31 26 266 154 18 13 281 171 18 18 92 197 40 22 181 184 9 26 309 154 17 13 294 145 15 11 607 274 58 72 251 176 17 16 462 191 19 17 165 143 24 12 8 175 62 25 157 266 53 53 298 240 36 52 460 173 21 13 433 173 16 12 478 190 17 14 445 162 19 12 50 170 37 21 150 146 26 12 0 183 19 33 457 178 18 13 0 236 39 51 426 160 18 13 306 135 15 10 
3 85 217 51 36 505 187 23 17 554 227 32 24 63 188 41 25 535 201 29 23 12 202 53 33 536 172 26 13 616 236 46 30 509 222 32 24 90 197 41 23 309 172 17 13 461 191 20 17 262 210 31 26 604 269 59 66 267 155 16 13 294 145 15 11 166 143 24 12 251 176 17 16 310 153 18 14 459 173 22 13 181 184 9 27 0 236 38 52 298 246 38 48 445 162 19 12 282 172 17 17 9 176 63 24 156 269 58 57 478 189 17 14 433 173 15 12 151 146 24 12 0 183 20 33 458 178 16 12 51 170 36 21 426 160 18 13 417 161 18 12 306 134 15 11 
4 547 226 37 21 81 218 51 38 503 186 25 17 63 188 40 25 12 202 52 33 535 171 26 13 612 235 44 26 597 266 66 69 308 171 18 15 262 209 27 29 266 155 17 13 509 221 30 24 459 190 18 17 534 201 27 22 250 176 18 16 478 188 17 15 89 197 41 23 156 273 58 58 281 171 18 19 294 145 15 11 166 143 23 12 297 247 38 50 459 171 22 15 310 154 17 13 9 175 62 25 0 237 37 52 432 173 16 12 50 170 37 21 151 146 24 12 178 186 10 24 0 183 20 33 444 161 18 12 305 134 16 11 
5 80 218 51 39 545 223 35 23 533 200 28 20 535 171 24 13 11 202 53 33 63 188 40 24 618 234 38 27 308 171 18 15 150 273 61 62 262 210 27 29 504 184 22 18 266 155 17 13 458 189 19 17 250 176 17 17 593 265 71 68 607 233 37 23 297 249 39 50 281 175 19 17 294 145 16 11 90 197 41 23 479 188 15 13 505 220 30 23 310 154 17 13 458 170 20 15 166 143 23 11 9 176 60 24 50 170 37 21 0 238 36 51 432 172 15 13 178 187 10 23 151 146 24 12 306 134 15 11 0 182 19 35 
6 80 219 52 40 544 222 34 22 531 200 29 19 12 202 53 33 608 230 42 27 534 170 23 13 64 187 38 25 458 189 18 16 250 177 18 17 310 172 17 14 503 183 23 19 267 154 16 14 261 213 29 29 89 197 41 24 457 170 21 15 148 280 62 58 587 261 76 71 295 145 15 11 479 188 15 13 310 154 18 13 165 143 25 12 282 175 18 17 502 217 33 23 11 176 59 24 297 257 40 47 433 173 15 11 0 238 35 52 306 134 16 11 1 182 20 35 152 146 23 12 51 170 36 21 178 188 10 22 429 160 17 12 
7 80 219 51 40 543 220 33 22 532 200 27 19 14 202 52 33 535 170 22 13 459 188 17 16 501 217 32 23 250 178 17 16 261 213 29 31 607 228 42 28 146 282 58 63 502 183 24 19 65 188 39 24 166 143 25 12 310 173 18 14 458 170 20 15 90 199 41 22 267 154 16 15 295 145 15 11 13 177 54 23 0 239 35 51 283 175 19 18 311 154 17 13 478 187 15 13 50 170 38 21 585 257 81 70 433 173 14 11 0 182 20 35 151 146 24 13 585 257 81 70 306 135 15 10 178 189 10 22 299 255 39 52 293 149 14 10 296 252 39 55 
8 80 222 51 38 542 218 32 23 532 199 26 18 501 217 31 24 15 202 51 34 145 286 56 64 459 189 16 14 534 170 22 12 262 218 31 27 250 178 18 18 501 183 23 15 607 227 41 30 458 170 20 15 65 191 37 23 282 176 21 18 90 199 41 23 166 144 25 11 478 188 15 12 295 146 16 11 0 240 34 50 587 256 78 69 312 178 16 10 267 158 16 12 299 257 39 54 293 149 15 10 14 177 51 24 50 172 35 23 1 187 21 33 589 249 72 74 306 135 16 10 312 154 16 14 444 159 19 12 152 146 23 13 
9 80 222 50 38 542 219 29 21 531 198 27 18 502 183 22 14 264 218 28 28 599 225 44 27 17 202 51 34 459 188 17 15 502 214 31 24 282 176 22 18 533 169 22 13 141 290 58 65 250 178 18 17 90 198 41 24 166 144 25 11 458 169 20 14 67 188 37 25 296 145 15 12 583 256 84 68 0 239 34 51 476 183 18 14 312 173 16 14 267 158 16 12 14 177 52 23 153 146 22 13 299 264 42 52 1 187 21 33 178 188 10 23 583 256 84 68 311 154 17 13 428 153 19 13 52 171 37 21 294 150 14 9 615 228 33 26 
10 80 222 51 39 530 196 27 19 502 181 22 15 604 224 39 28 459 186 18 17 19 201 49 35 282 176 23 18 502 212 31 24 264 217 27 30 543 218 29 21 67 188 39 24 91 198 41 24 534 167 21 14 586 250 79 68 298 145 14 11 477 182 18 15 458 168 20 15 250 179 19 16 166 143 25 12 317 154 16 13 269 158 19 13 0 239 34 52 295 263 45 54 141 290 62 69 0 183 24 34 20 173 63 25 784 348 16 41 153 146 23 12 307 133 17 11 43 169 51 23 181 185 8 29 428 152 18 14 
11 80 222 51 39 531 194 26 19 503 179 22 16 600 222 41 28 543 215 28 21 284 177 22 18 22 202 49 33 69 187 39 26 268 218 25 30 501 211 32 23 534 167 22 13 251 176 24 20 477 182 19 14 93 198 40 24 460 186 18 16 270 157 20 14 585 250 79 63 318 154 16 13 458 169 20 14 299 146 14 10 298 265 43 57 165 143 26 12 0 239 35 52 182 186 8 27 317 177 16 12 0 183 25 34 138 298 62 67 20 174 62 24 153 146 25 12 177 142 20 11 138 298 62 67 308 134 15 9 55 171 37 20 298 265 43 57 
12 80 222 51 39 503 178 22 16 543 211 26 23 285 176 22 18 19 200 51 35 91 197 43 25 601 220 39 28 268 217 26 32 300 267 44 57 251 176 24 20 70 187 38 24 531 164 23 14 132 303 67 66 318 153 16 14 477 180 19 14 531 193 25 19 270 155 19 14 503 209 28 25 317 172 17 17 585 246 77 62 460 182 19 16 163 143 28 12 181 186 9 27 299 146 14 10 460 163 22 15 0 182 25 34 458 168 19 14 0 239 34 51 47 169 50 22 20 175 60 23 309 134 16 10 155 146 22 12 177 142 20 11 774 341 24 41 
13 79 221 52 40 123 306 75 72 504 176 20 17 529 191 27 18 284 175 23 19 21 200 51 32 318 151 17 15 270 154 19 14 90 196 43 26 593 217 37 24 533 163 21 13 266 218 28 32 502 206 29 25 459 181 19 15 537 207 28 23 316 171 19 18 250 175 25 19 480 179 16 14 69 186 38 24 459 163 22 14 162 141 31 12 301 266 44 62 299 145 14 10 181 185 10 27 0 182 26 33 587 246 68 58 154 144 23 12 0 240 33 49 21 172 60 25 583 244 62 58 764 336 36 49 177 140 21 11 448 153 17 11 430 151 17 12 309 133 15 10 43 168 54 21 301 266 44 62 457 167 18 14 
14 78 221 52 40 536 207 30 22 592 216 38 23 528 189 27 20 22 200 51 32 117 308 79 79 530 162 23 14 285 174 22 20 271 154 19 14 503 206 25 21 504 174 21 18 319 151 16 15 90 196 43 26 459 180 18 16 265 219 29 33 70 186 37 23 251 175 24 20 458 163 23 14 317 171 18 18 480 177 17 15 162 141 31 12 583 240 61 61 302 268 44 63 181 187 10 25 0 182 27 33 299 144 14 11 177 139 21 12 754 326 45 64 0 240 32 50 589 242 60 61 21 173 60 24 447 153 17 12 154 144 24 12 44 168 53 21 430 151 17 12 309 133 14 10 458 134 20 11 302 268 44 63 0 241 36 62 
15 74 221 56 39 502 205 25 21 536 206 26 21 271 153 18 14 591 212 37 26 22 199 51 31 527 188 28 17 284 173 23 21 70 185 38 23 264 220 30 34 460 179 16 15 91 196 42 26 319 151 17 14 531 161 22 13 316 171 20 18 114 310 75 80 502 173 21 16 250 174 24 20 579 240 67 60 298 282 49 54 480 177 16 13 458 161 21 15 0 181 27 33 750 326 48 58 299 144 15 10 154 143 25 11 1 240 30 49 178 185 10 26 176 139 22 11 44 167 52 22 161 140 26 12 446 151 17 12 430 150 17 12 460 134 20 11 307 133 12 11 300 272 45 63 22 174 35 24 
16 70 221 56 39 499 202 26 23 500 172 21 16 531 205 27 19 588 212 39 24 281 173 26 21 318 151 16 14 19 197 50 34 297 142 16 11 522 187 27 18 269 153 19 14 88 195 43 26 67 184 39 23 457 178 17 14 249 176 20 19 315 172 19 16 294 281 49 60 259 219 32 36 176 186 10 24 524 160 25 12 738 321 58 58 473 172 22 17 456 160 21 15 574 239 70 61 0 181 25 31 110 313 78 85 153 141 25 12 759 375 40 78 20 168 67 23 85 160 28 16 177 136 21 12 444 151 19 12 309 133 14 10 0 227 32 66 112 313 85 84 459 133 19 11 43 166 51 21 
17 65 222 58 39 528 203 26 20 14 198 55 32 579 210 38 24 84 195 42 28 247 176 19 19 520 187 23 18 265 154 19 14 64 183 39 24 294 142 16 13 495 171 21 16 279 175 23 21 258 226 28 31 172 187 11 23 522 159 24 13 471 173 22 16 497 202 23 23 729 318 71 51 152 140 24 13 292 280 49 65 315 152 18 13 104 317 79 90 43 166 48 22 311 173 19 15 1 181 21 31 168 137 25 12 448 162 20 13 749 374 50 77 85 160 26 16 308 133 15 10 442 150 20 12 452 178 16 13 101 324 86 84 573 236 56 55 571 241 61 57 455 160 20 13 0 228 27 69 
18 61 221 58 41 82 196 41 27 575 208 41 24 278 175 22 21 520 200 32 24 263 153 19 15 491 172 21 14 244 176 19 20 13 198 52 31 490 201 24 23 62 182 40 25 255 227 30 31 311 152 19 14 293 142 15 13 519 159 22 13 170 187 10 24 449 178 18 14 517 186 22 17 723 312 77 55 168 136 24 12 292 282 47 69 150 140 23 12 469 173 21 14 88 328 90 85 310 177 19 13 306 132 16 11 447 162 21 14 21 166 63 24 567 234 59 54 1 180 20 31 0 238 19 51 262 124 12 9 745 370 54 82 441 150 18 11 
19 60 221 59 41 575 208 38 24 80 196 41 26 243 176 19 19 254 227 31 32 277 175 23 21 263 152 19 16 491 170 22 15 293 142 15 13 13 199 51 29 519 196 29 23 62 181 44 26 311 152 19 14 167 136 24 12 488 200 26 19 723 308 76 52 169 186 11 25 518 158 21 13 469 172 21 14 448 177 19 14 87 333 86 88 151 139 21 12 309 172 20 17 307 132 15 10 516 185 23 16 12 167 60 25 292 280 50 75 729 365 71 90 567 229 55 56 446 171 19 16 261 124 13 8 446 161 20 14 0 238 17 51 1 178 19 33 458 134 20 11 440 150 21 12 
20 60 220 59 41 519 197 28 20 82 194 42 27 245 177 19 18 574 206 36 24 490 198 25 21 263 151 20 16 278 175 22 21 293 141 16 12 255 227 29 34 469 170 21 14 170 185 10 25 14 198 51 29 166 134 25 11 493 169 20 14 516 183 24 14 310 172 22 17 311 152 20 12 727 310 69 42 292 296 52 66 447 171 19 16 517 156 22 12 61 181 47 25 726 357 74 84 78 340 95 92 308 131 15 10 445 160 22 13 0 239 18 48 306 126 16 10 566 228 53 54 455 154 19 13 261 123 13 9 152 136 23 13 413 144 20 12 18 164 66 26 566 228 53 54 296 134 15 12 
21 57 218 60 42 517 196 26 19 243 175 19 20 263 151 18 15 572 204 34 25 77 193 45 27 14 192 50 33 292 139 16 13 724 306 64 44 309 171 22 17 487 197 26 19 252 227 32 36 278 174 22 21 515 182 22 14 166 133 24 12 168 185 10 25 59 178 48 24 491 169 19 13 311 150 20 14 447 171 17 14 719 355 81 82 515 156 22 12 151 136 23 13 469 170 20 13 289 293 54 74 77 341 81 100 305 125 17 10 568 203 24 23 445 160 18 12 414 143 20 13 0 173 20 34 12 165 56 26 454 153 19 14 295 135 16 12 260 122 14 9 557 224 51 59 51 160 36 21 0 228 14 56 459 132 19 11 
22 53 216 62 44 259 150 19 15 247 227 35 36 565 201 35 22 240 175 21 19 515 194 24 19 75 193 43 26 274 175 22 20 12 192 49 31 486 195 22 20 306 171 23 17 720 303 58 41 292 139 16 13 445 170 16 15 165 132 24 12 464 168 19 13 58 177 47 25 513 155 23 12 310 150 19 14 148 135 24 13 165 184 11 26 507 180 26 15 42 158 49 22 492 168 16 13 0 225 10 60 445 153 22 13 293 134 17 13 556 224 52 56 556 218 49 56 69 347 81 104 415 143 20 12 287 294 55 76 0 171 17 36 705 350 95 74 276 170 20 18 305 126 16 10 62 355 101 98 10 165 57 24 444 159 17 12 
23 51 216 64 43 563 200 37 21 721 301 51 37 259 148 19 17 515 193 23 19 74 190 44 29 239 174 22 20 12 191 48 30 248 227 33 37 306 171 23 17 274 174 22 20 444 169 17 14 486 193 23 21 148 133 24 13 515 154 19 11 310 149 18 13 291 139 16 12 293 134 15 14 164 130 25 12 59 176 47 25 506 178 26 17 464 167 19 13 443 152 23 14 58 353 103 112 305 126 16 10 699 341 101 79 40 157 51 22 551 217 54 57 165 183 10 24 548 221 62 59 0 227 10 57 0 172 18 33 259 117 13 10 486 164 18 15 414 143 20 12 
24 51 216 64 43 564 198 35 22 260 149 18 16 240 175 21 19 724 297 43 36 75 190 44 29 307 171 23 17 12 191 50 30 275 174 22 21 248 227 32 40 445 168 16 14 513 189 23 22 292 139 16 12 462 163 21 17 149 133 25 12 311 149 19 13 294 135 15 13 306 125 17 11 506 177 27 17 166 130 23 11 485 193 22 20 57 176 49 24 515 153 19 11 444 152 22 14 165 183 10 25 415 142 18 12 51 360 103 120 47 368 112 111 24 159 62 23 550 215 54 55 1 172 19 33 692 337 107 75 486 164 17 14 403 141 17 13 550 215 54 55 
25 50 216 63 44 563 197 35 22 260 149 19 16 239 174 23 21 75 191 44 29 276 175 22 21 13 191 50 30 721 293 39 36 312 149 19 14 249 232 33 38 292 139 16 12 309 171 22 17 460 162 24 17 151 133 23 13 445 168 17 14 166 130 24 12 514 189 22 22 294 135 15 12 305 125 18 11 166 183 9 27 444 152 22 13 58 175 48 26 485 190 22 19 505 177 29 25 514 153 20 10 479 190 19 18 286 302 61 92 41 367 97 123 692 334 103 70 23 158 64 24 0 172 21 33 42 367 115 124 415 142 20 13 547 213 56 56 
26 49 217 64 42 260 150 19 15 557 195 37 23 74 192 43 28 238 175 25 21 274 175 24 22 13 191 50 30 312 149 19 13 459 162 23 16 150 133 24 12 292 139 16 12 309 171 22 18 477 188 22 22 445 167 18 14 247 232 34 41 294 135 15 12 166 130 24 12 443 151 21 13 504 176 28 27 305 125 18 11 510 150 21 11 713 287 39 34 58 175 49 25 508 185 25 23 31 378 107 121 165 183 10 27 691 323 102 75 543 211 58 51 0 172 21 33 23 158 64 24 416 142 19 12 481 161 18 16 
27 258 148 19 17 47 218 63 41 557 192 32 24 234 173 28 23 70 191 46 29 11 191 50 30 271 174 24 22 475 187 22 21 244 232 36 43 306 171 24 18 147 131 24 13 457 161 21 15 290 139 16 12 508 149 22 11 310 148 19 14 507 185 24 20 441 161 18 18 161 184 9 24 164 129 23 12 305 124 16 12 502 175 27 27 41 156 49 23 442 149 21 14 64 175 37 25 505 173 22 14 711 286 32 32 18 389 114 109 21 384 109 112 678 319 109 71 540 209 57 50 442 145 21 13 482 160 15 14 
28 44 221 59 44 258 149 19 17 12 191 49 31 234 174 27 23 270 176 25 22 70 192 46 30 474 187 22 20 557 191 31 25 243 235 38 44 308 176 22 17 310 149 19 14 289 139 17 12 146 133 26 12 501 175 26 27 508 149 21 11 165 130 23 11 456 161 21 14 441 161 19 17 160 185 10 25 305 125 16 11 443 150 20 13 56 176 47 25 292 135 14 13 40 157 51 23 681 322 97 61 696 277 40 35 539 208 54 51 0 171 18 35 482 160 15 14 283 320 64 99 21 398 103 101 415 141 18 13 443 145 20 12 
29 261 151 18 16 46 224 65 42 238 177 24 21 16 192 50 33 292 140 17 13 475 186 24 20 73 194 46 29 275 176 24 23 310 178 23 17 311 151 21 13 457 161 22 14 557 190 32 22 149 135 25 12 509 150 21 10 166 132 26 11 59 177 48 26 503 174 26 28 441 162 19 15 245 240 37 44 306 126 17 10 442 150 21 14 483 160 15 13 445 168 17 12 705 323 72 55 163 187 10 24 295 134 15 12 0 174 22 32 18 163 65 26 506 173 21 14 44 158 51 23 12 406 112 94 539 207 54 51 443 144 19 12 
30 262 151 19 16 314 150 21 14 46 224 67 43 19 191 49 36 240 177 22 22 558 189 29 23 75 194 45 29 277 175 23 25 295 141 15 11 459 160 18 14 478 183 22 22 315 177 19 18 483 160 21 12 503 173 27 27 443 161 17 14 166 132 26 12 152 135 23 12 308 125 16 11 245 240 38 45 62 177 46 26 443 143 20 12 508 183 21 19 510 146 19 12 0 174 24 33 695 309 75 61 505 171 23 16 18 162 68 28 443 151 20 13 166 185 9 28 297 135 14 11 42 158 53 24 417 142 18 11 555 188 21 20 
31 262 151 18 16 47 224 56 45 20 191 48 34 314 149 20 14 239 177 23 22 74 194 45 29 556 186 30 24 294 140 15 11 459 159 19 13 277 175 23 25 477 182 22 21 314 176 20 18 699 319 63 42 151 134 24 12 503 180 24 19 442 160 17 14 244 243 38 45 308 124 17 12 508 145 19 12 296 135 15 13 538 203 50 46 169 131 22 11 0 173 24 33 503 170 23 16 443 143 21 14 18 161 71 29 444 149 18 13 61 176 48 26 163 186 10 25 41 158 55 23 259 117 15 10 482 157 17 14 
32 46 224 64 40 263 150 19 16 74 193 46 29 314 176 22 18 477 179 21 20 240 177 24 21 20 189 48 35 317 147 18 16 704 318 52 40 277 175 24 25 555 184 31 23 508 143 21 12 296 135 16 12 506 177 21 19 502 167 27 27 446 159 16 14 153 132 23 12 308 123 17 12 246 243 36 46 461 158 16 12 480 155 20 13 295 140 15 10 165 184 10 29 0 171 25 34 445 142 22 14 538 202 49 44 61 174 49 28 286 334 70 130 260 117 14 8 177 127 20 11 41 157 57 22 
33 46 224 67 41 76 193 47 28 318 177 21 18 321 147 17 16 24 190 52 32 265 149 20 16 242 177 24 22 279 175 28 24 486 153 20 14 508 175 24 19 480 179 26 19 167 186 11 26 561 184 27 20 462 153 20 16 248 248 40 45 0 172 29 32 154 132 25 12 448 159 16 13 178 126 23 13 510 142 22 11 711 309 43 47 37 157 64 23 301 133 14 15 320 123 14 13 454 141 20 15 62 175 50 24 302 139 14 11 429 133 17 12 
34 46 222 64 41 318 176 22 19 76 192 47 28 480 174 25 22 24 189 51 31 243 176 22 22 487 151 20 14 321 143 18 17 279 174 27 24 301 133 15 14 560 180 28 20 245 248 42 45 266 147 19 17 464 152 19 15 166 185 11 25 510 174 20 19 178 126 23 11 447 152 18 14 0 168 34 35 37 155 61 25 508 163 24 29 321 123 14 11 511 140 20 10 555 180 23 17 430 132 16 12 445 134 18 11 262 115 15 8 154 131 25 10 
35 75 189 46 30 45 220 59 45 241 176 25 22 320 142 18 16 24 186 51 33 317 175 23 19 485 148 21 15 508 169 20 20 463 150 18 13 278 173 25 24 244 248 40 48 266 146 19 17 552 177 24 19 445 152 18 13 558 178 28 20 160 125 28 13 165 183 11 27 179 123 21 12 479 172 22 22 0 166 36 37 298 132 16 12 21 156 68 24 321 122 13 11 648 247 25 31 542 192 42 49 507 161 22 17 61 149 47 22 458 116 20 12 
36 321 142 19 15 76 190 46 28 243 176 23 22 280 172 26 24 45 220 59 44 319 174 23 20 27 184 50 32 302 132 16 13 509 168 20 18 247 251 40 48 552 173 28 23 464 148 17 14 486 146 21 16 160 125 28 13 166 183 11 25 447 151 16 13 179 122 22 12 0 168 36 32 481 170 24 21 267 144 18 17 506 157 25 28 22 157 63 22 510 135 22 12 647 243 32 30 321 120 14 12 60 148 48 22 545 192 39 47 784 292 15 24 321 116 14 11 446 133 19 13 648 246 29 29 
37 324 142 20 16 306 132 14 14 45 219 68 45 80 188 45 30 322 176 24 18 481 169 25 19 284 173 24 25 246 175 24 24 269 144 21 16 32 183 48 32 560 174 27 21 449 151 17 12 511 167 20 17 164 125 25 13 168 184 12 24 516 135 19 12 251 251 39 51 647 242 35 31 486 145 21 14 182 122 24 11 71 168 49 23 0 164 37 34 470 149 18 12 458 134 19 13 509 159 24 18 28 156 54 23 321 115 16 12 60 149 49 22 553 172 26 18 
38 325 143 22 15 79 188 46 30 45 220 68 44 284 174 25 26 307 132 14 13 481 168 25 20 322 175 26 21 246 175 24 24 271 144 20 16 32 183 49 32 517 134 18 13 486 145 21 14 168 184 12 24 165 125 24 12 183 121 24 12 645 240 38 33 73 168 49 23 555 171 31 21 450 150 17 13 511 167 19 16 0 164 39 34 458 133 18 13 249 252 43 56 509 159 23 19 66 149 38 23 31 157 48 22 322 115 16 11 639 272 39 44 471 149 18 11 326 121 13 11 309 123 14 13 778 283 21 37 
39 44 221 61 45 306 132 14 14 76 189 47 30 324 143 21 16 320 176 26 20 283 174 25 26 244 176 23 23 31 183 49 32 268 145 22 18 485 144 21 15 164 125 25 12 166 184 11 25 639 237 48 32 552 170 27 21 183 121 23 12 70 168 50 23 482 168 22 18 509 159 20 19 508 167 17 15 449 150 17 12 0 163 37 35 28 157 53 22 248 260 38 51 767 273 33 43 462 142 21 17 61 148 48 22 515 134 19 12 321 115 16 13 
40 43 222 62 46 305 132 15 14 75 190 48 30 282 175 25 27 324 142 21 17 268 145 22 18 320 176 26 21 243 176 23 24 549 169 30 21 31 183 50 32 486 144 20 13 165 184 12 26 163 125 26 12 477 167 25 19 462 142 21 17 637 236 45 29 508 158 18 20 71 168 50 22 183 121 23 12 511 133 19 11 0 163 37 35 448 149 16 13 28 156 53 23 244 263 44 53 60 148 49 22 508 167 16 15 321 115 16 13 455 133 19 13 244 263 44 53 763 271 37 45 
41 44 222 61 46 76 190 47 29 283 176 25 26 326 143 21 16 35 182 47 33 550 167 31 21 307 132 14 13 322 175 26 23 245 177 25 24 486 142 22 14 268 145 22 18 166 183 12 27 635 233 48 27 0 164 40 34 165 124 24 12 480 165 26 19 461 142 21 15 70 167 52 24 183 120 24 13 509 157 19 20 60 148 50 23 511 132 20 11 322 115 16 12 457 132 18 14 450 149 16 12 33 153 65 25 761 269 39 45 632 264 51 52 309 123 13 12 245 264 44 54 245 264 44 54 633 261 45 49 
42 306 131 15 14 42 221 64 46 76 189 47 30 283 176 26 26 35 181 47 33 326 143 22 15 549 165 31 22 634 229 49 28 244 176 26 24 486 141 23 14 268 143 22 18 323 175 26 23 0 163 40 34 165 183 12 27 461 141 21 14 508 158 17 18 166 122 24 13 322 114 17 13 72 165 51 25 243 266 44 57 630 255 57 53 183 119 22 13 516 130 16 12 56 148 55 22 512 153 17 17 33 152 68 26 307 124 14 13 483 160 24 19 757 265 43 40 450 143 15 13 
43 43 223 61 47 284 176 27 28 308 131 14 14 76 189 49 31 36 181 47 35 245 178 26 24 549 164 32 22 631 225 52 29 166 183 12 29 486 140 23 15 327 143 20 16 271 145 20 19 0 164 40 34 462 140 21 15 324 175 26 24 323 115 15 11 74 165 50 26 627 252 59 52 484 161 25 18 182 120 25 12 167 123 24 12 449 143 16 13 517 130 15 12 509 158 16 17 309 123 14 13 34 153 65 25 243 268 46 62 755 263 45 42 511 153 18 16 458 131 19 14 313 115 14 11 59 148 54 22 
44 80 191 46 33 310 132 16 14 274 148 19 17 44 227 67 48 630 225 52 28 286 179 28 28 551 164 30 21 41 183 48 33 330 142 21 18 246 181 27 25 168 185 13 27 487 140 22 16 626 251 61 53 757 262 43 42 483 165 23 18 1 168 42 32 330 177 24 26 181 123 26 12 519 130 15 13 37 155 69 26 168 126 26 13 487 161 24 18 468 142 22 15 457 132 19 15 79 167 48 26 191 121 21 13 325 115 17 11 540 188 34 33 244 281 50 56 461 141 20 15 
45 44 229 67 46 42 187 47 31 276 149 18 18 288 182 27 28 627 224 53 29 311 133 16 14 80 193 47 32 329 183 27 23 750 261 50 40 551 165 29 21 485 165 21 18 250 182 24 25 332 142 20 20 489 141 20 15 621 250 69 52 0 170 43 32 519 131 16 12 467 143 24 14 40 157 64 25 179 125 26 13 193 123 21 12 457 133 20 13 488 162 22 17 85 172 40 26 170 193 11 24 242 281 56 62 506 160 16 16 242 281 56 62 460 142 21 14 
46 44 231 68 46 627 224 50 26 334 147 19 17 277 151 18 17 289 184 27 28 745 257 55 39 43 188 49 31 81 197 46 31 249 184 28 25 331 184 25 23 551 164 29 22 621 246 70 52 314 134 14 14 485 165 21 18 489 142 20 14 91 172 40 25 170 191 12 28 0 171 50 32 179 126 28 13 242 283 56 68 468 143 23 14 457 133 20 13 335 123 13 11 194 124 21 12 54 155 58 24 505 160 15 16 313 139 15 11 519 132 16 11 242 283 56 68 98 147 35 21 323 115 15 10 541 186 31 35 
47 335 148 19 16 290 185 27 28 278 151 20 18 43 231 70 46 81 198 47 30 744 253 56 39 624 222 51 26 45 189 46 29 332 184 26 25 551 163 29 22 249 185 28 25 615 246 81 49 489 142 20 14 92 172 39 25 486 162 22 17 314 134 15 14 468 144 23 12 170 192 12 27 505 160 16 15 194 124 23 12 540 181 32 36 457 133 20 12 51 156 61 24 1 171 43 32 179 126 26 13 335 122 14 12 241 295 57 65 241 295 57 65 276 112 15 10 72 154 50 24 322 121 16 14 
48 37 232 75 47 288 185 27 29 335 148 19 16 277 150 20 19 79 198 48 31 331 185 27 25 622 217 49 30 248 185 29 26 45 188 47 30 489 141 20 14 550 163 27 17 313 133 16 15 486 161 22 17 741 250 59 40 469 142 21 13 617 240 68 50 169 192 12 27 505 159 15 15 334 121 15 13 2 171 42 31 87 171 43 26 457 132 19 13 178 126 27 13 239 295 59 68 49 155 65 26 521 131 13 11 194 123 22 12 539 181 31 35 239 295 59 68 
49 287 185 28 29 39 232 69 48 277 151 20 18 78 198 49 31 335 148 19 16 620 216 45 26 729 248 69 36 548 162 28 18 331 185 28 26 246 186 28 26 45 188 47 30 484 159 22 18 313 133 16 16 469 141 20 13 169 192 11 27 617 238 64 48 504 157 17 17 488 140 20 14 539 183 31 31 177 126 27 12 87 171 44 25 238 296 54 73 457 132 19 13 0 171 49 31 195 123 21 12 45 158 55 24 334 121 15 12 526 174 38 32 
50 35 232 73 48 726 245 66 36 277 150 19 18 287 185 28 30 77 197 49 32 546 161 29 18 332 186 27 25 336 147 19 17 247 186 26 26 616 215 46 24 44 184 50 31 484 158 21 18 313 133 17 15 87 168 47 26 177 125 28 13 0 168 50 32 488 138 20 14 169 192 11 27 504 151 18 18 238 300 54 75 470 140 20 12 526 172 37 34 193 122 24 12 617 236 61 44 459 131 18 13 48 155 66 24 336 121 14 12 460 141 16 12 238 300 54 75 
51 727 242 61 39 34 234 76 48 79 198 48 33 547 161 28 17 333 187 28 27 279 151 19 19 288 188 28 30 337 147 20 18 614 214 47 24 484 158 20 18 86 170 49 26 503 150 19 20 48 188 48 30 247 187 26 27 169 192 12 29 178 126 26 13 527 173 37 32 618 236 59 43 0 171 52 30 489 138 18 14 315 133 17 17 470 140 20 13 195 122 24 12 459 131 19 12 240 300 52 83 50 155 64 25 335 120 15 13 458 126 20 12 323 121 15 14 
52 80 199 47 34 289 191 28 31 335 191 28 25 38 236 69 49 336 149 22 18 548 163 26 16 719 239 66 43 316 138 19 15 613 215 45 23 249 190 27 27 534 182 31 28 88 171 47 27 50 189 47 31 484 158 20 19 278 154 21 20 0 171 55 32 490 140 18 14 471 140 19 14 237 313 55 82 622 238 53 44 169 194 12 29 504 151 20 20 194 125 26 12 460 133 17 12 73 154 51 24 337 121 15 13 182 127 26 12 
53 289 194 29 31 336 195 28 25 79 202 46 33 318 140 18 15 719 238 62 40 279 157 20 19 36 238 71 50 547 163 26 15 338 150 22 19 248 193 28 28 52 190 45 32 489 141 20 13 612 214 43 24 198 126 24 12 503 157 19 17 85 172 53 28 532 181 32 29 486 160 20 17 234 320 56 83 470 144 20 11 615 235 53 45 181 130 23 12 1 172 51 33 458 133 19 12 337 122 15 13 169 197 12 25 278 114 18 11 
54 720 238 54 37 78 201 48 34 35 238 70 50 317 140 18 15 337 196 27 26 279 157 20 19 289 194 28 31 338 151 23 18 547 163 25 15 246 194 28 28 611 211 42 24 199 126 23 12 52 190 45 31 484 159 22 18 489 140 20 14 181 130 22 11 531 181 32 28 87 172 50 27 469 142 21 12 231 329 58 82 502 156 20 17 338 122 15 13 1 172 52 32 459 132 18 12 617 235 48 42 168 196 11 26 280 114 16 11 
55 76 200 48 34 337 196 27 26 34 238 70 49 721 234 48 37 288 193 29 32 338 150 23 18 318 139 18 15 545 160 27 17 278 155 22 20 88 170 48 28 246 193 28 28 608 208 41 22 51 189 46 30 483 158 21 17 503 150 19 18 1 171 53 32 227 332 60 86 528 175 34 30 196 124 25 12 488 138 20 14 470 140 20 13 166 194 12 30 73 154 50 24 337 121 16 14 460 132 18 12 182 126 24 14 617 230 46 41 318 134 16 16 
56 29 238 79 49 74 200 52 33 722 230 44 34 337 195 27 27 338 148 23 19 287 192 30 33 317 137 18 16 544 157 27 19 245 193 28 28 277 154 23 21 605 205 42 22 88 169 48 27 527 175 33 28 501 149 21 18 52 188 45 30 181 126 25 13 1 171 53 30 165 193 12 31 487 135 22 15 220 340 67 91 198 122 24 12 322 122 16 14 617 227 44 40 48 156 71 23 457 125 19 13 460 132 19 11 338 121 14 13 489 152 21 16 480 157 22 15 89 147 50 21 
57 28 238 79 50 721 226 38 36 73 200 53 33 338 148 23 19 245 194 28 28 337 196 27 27 287 192 29 34 544 156 25 18 317 137 18 16 503 149 18 17 52 183 45 33 528 173 31 29 277 154 22 20 180 125 25 12 2 170 52 30 86 166 52 28 198 121 24 12 603 203 40 21 616 224 41 39 165 193 11 32 489 134 19 14 218 346 67 90 322 122 14 13 338 121 15 13 486 152 21 16 459 124 18 13 480 153 20 16 48 155 70 24 218 346 67 90 
58 26 239 79 50 73 200 51 34 338 149 24 18 277 155 21 20 317 137 18 16 337 198 27 28 243 196 30 27 285 196 32 34 501 148 20 17 52 184 45 31 87 167 51 28 724 225 30 35 543 156 24 18 181 125 23 13 527 173 30 30 198 121 24 12 2 170 52 30 602 202 39 23 210 354 75 102 489 134 18 13 322 122 15 14 479 153 21 16 616 223 35 40 213 347 69 106 472 134 19 13 48 155 69 24 458 125 19 12 338 121 14 13 460 132 19 12 539 154 23 15 326 114 16 13 
59 23 239 81 52 70 200 52 36 315 138 20 16 276 156 20 19 337 149 24 19 335 199 30 29 284 198 32 34 87 169 49 27 241 198 29 28 50 189 46 27 598 200 39 20 501 148 19 16 197 122 24 12 1 170 51 30 180 126 24 12 525 173 30 29 211 356 66 108 719 227 30 31 487 134 18 13 479 153 19 16 539 156 26 18 323 121 16 15 493 151 19 13 48 154 68 25 337 121 15 13 458 125 19 12 462 132 18 12 76 150 49 22 510 124 17 11 
60 18 241 81 51 334 200 30 31 68 200 51 35 336 149 25 20 274 156 21 19 282 198 33 37 240 198 29 29 88 168 48 26 313 137 21 17 591 199 40 21 180 125 25 12 50 184 47 30 536 154 26 15 1 169 52 31 475 152 23 18 197 121 24 12 683 223 57 29 493 150 19 14 48 155 67 23 321 121 16 16 485 134 19 12 337 120 15 14 504 145 17 13 457 124 20 13 461 132 19 12 209 360 67 116 525 172 29 29 500 148 19 14 509 123 17 12 157 196 14 36 
61 18 241 79 56 334 202 30 31 274 156 21 20 282 199 32 38 335 149 26 21 89 167 48 28 239 199 30 30 67 199 52 37 50 182 48 34 534 153 28 16 313 137 21 17 180 125 26 12 681 223 56 27 503 144 18 14 476 152 21 16 1 170 51 29 196 121 24 12 588 198 41 22 321 121 16 16 492 149 19 14 49 154 65 24 456 124 20 13 336 120 16 14 462 132 19 12 485 134 20 12 514 163 36 35 508 122 19 13 603 217 37 38 204 374 73 118 74 149 51 22 337 115 15 13 
62 16 242 80 56 332 204 33 31 237 201 31 30 273 158 21 20 280 200 32 38 335 149 26 21 534 153 26 16 314 138 19 17 65 199 51 38 586 197 40 20 85 167 51 28 180 125 25 12 677 220 55 31 49 184 48 30 1 169 53 31 475 152 20 15 503 143 18 14 196 121 25 12 491 149 19 14 337 120 15 14 516 169 33 30 461 132 19 13 321 122 16 15 47 155 69 24 154 198 14 36 508 123 18 12 590 215 42 39 761 287 39 49 457 124 19 14 484 134 19 12 477 133 21 12 431 123 17 12 
63 15 244 79 52 272 158 22 20 237 203 30 30 332 207 34 31 65 208 50 31 86 169 49 27 533 153 24 16 583 196 41 20 279 205 33 36 475 152 19 15 336 150 24 21 48 189 50 28 314 139 19 17 179 125 26 13 502 143 19 13 590 215 40 38 2 169 51 31 196 121 24 12 152 200 15 34 514 170 33 28 491 149 19 14 762 285 38 48 337 121 15 14 49 155 67 24 461 133 20 12 181 397 92 101 674 217 28 32 322 122 15 14 457 124 19 13 478 133 21 13 431 123 16 12 
64 12 246 80 51 333 208 32 31 64 207 51 32 271 158 23 21 235 203 32 31 531 152 26 17 473 151 19 16 279 206 32 37 667 214 35 29 582 194 40 23 49 184 48 31 760 280 40 48 85 167 51 28 336 150 25 21 180 125 25 13 513 165 32 30 314 139 19 17 502 142 19 14 1 169 53 31 593 217 34 32 197 121 23 12 150 201 15 34 337 121 15 14 477 133 20 12 490 148 19 13 48 155 68 24 506 122 19 13 462 133 19 12 322 122 14 15 492 144 24 15 457 124 19 13 188 410 80 83 
65 11 246 80 52 63 207 52 33 234 207 33 30 334 210 30 32 271 159 23 21 666 212 37 30 533 152 23 16 759 277 41 47 473 151 19 15 277 206 35 41 582 192 39 24 48 189 49 28 511 164 32 32 85 167 51 28 336 150 26 22 180 125 25 13 314 139 19 18 586 212 38 32 1 170 52 30 196 121 25 12 502 142 19 14 337 121 15 14 461 133 19 11 151 201 12 33 492 144 23 15 506 122 19 13 478 133 20 12 176 418 97 82 321 122 14 14 48 155 68 24 490 148 18 13 456 124 19 13 
66 7 247 83 54 61 208 54 33 233 207 33 31 271 160 24 21 334 211 32 34 664 211 40 29 530 151 27 16 86 167 50 28 578 191 40 20 473 150 18 16 277 207 34 42 509 163 33 32 758 271 42 49 586 211 36 31 314 140 20 17 50 190 48 27 180 125 24 13 491 144 24 15 1 170 52 30 197 121 25 12 506 122 19 13 337 150 24 23 338 121 14 14 322 122 16 15 502 141 18 14 479 132 19 12 461 133 18 11 48 155 67 24 149 203 13 30 455 124 21 12 326 106 13 7 
67 3 247 84 56 59 206 55 35 232 207 33 32 271 159 24 22 659 208 44 29 530 149 25 17 88 167 49 28 760 272 40 44 334 211 31 36 510 162 31 31 490 143 24 15 275 207 37 43 313 139 21 19 472 149 18 15 50 182 49 33 576 188 39 24 180 124 26 13 1 169 51 31 196 121 25 12 479 132 18 12 337 150 25 23 338 121 14 14 321 122 16 15 507 121 18 12 49 155 65 24 461 132 17 12 586 208 32 34 454 124 21 12 501 140 19 14 149 204 12 28 
68 2 248 84 58 58 207 54 35 231 210 34 31 657 207 44 29 529 149 25 17 88 167 49 28 270 160 24 22 333 215 34 36 574 188 38 23 273 212 40 43 759 274 39 36 313 141 18 16 490 143 24 14 509 164 31 28 49 183 50 32 472 150 18 14 180 124 27 13 1 169 51 31 339 156 22 18 195 120 25 13 321 122 16 15 480 132 18 12 338 121 14 14 585 208 32 34 49 155 65 24 461 132 18 12 506 121 19 12 144 205 15 36 499 140 21 14 
69 2 250 83 58 57 209 54 35 654 206 47 28 332 218 35 37 338 157 23 19 231 210 32 35 86 169 50 28 528 150 25 16 272 215 37 41 573 188 37 23 312 141 19 17 269 163 25 21 490 143 22 15 470 149 20 16 48 184 52 31 180 125 25 12 1 170 51 30 509 164 30 28 197 121 24 12 760 279 34 29 338 122 14 13 579 205 34 36 144 206 14 35 460 133 20 11 479 132 17 12 321 123 15 13 49 155 66 24 326 106 13 7 326 115 15 10 505 122 19 11 76 149 49 23 
70 1 255 83 55 55 209 55 39 229 216 36 33 269 164 26 22 338 158 23 20 88 170 47 27 651 208 49 27 528 151 24 17 334 224 33 36 573 189 34 23 471 150 19 15 50 188 50 31 508 165 31 28 489 144 24 14 1 171 52 32 199 123 22 12 273 216 34 45 314 142 16 18 577 207 34 33 143 209 14 35 182 126 23 13 477 134 19 12 460 134 19 11 73 154 50 23 322 123 18 16 320 130 15 13 337 123 15 14 276 112 16 11 101 146 35 21 504 123 19 13 501 142 18 13 
71 0 256 82 57 650 205 48 29 55 209 54 40 338 159 24 20 314 145 19 19 332 225 36 38 269 166 26 22 529 151 22 17 89 169 48 29 227 215 35 35 472 150 18 15 489 144 24 13 573 188 31 23 49 188 51 31 504 164 33 28 272 220 37 45 1 171 53 32 198 123 23 12 576 206 34 33 182 127 23 12 477 134 19 12 74 155 48 23 321 130 15 13 142 211 15 34 460 134 19 11 504 124 19 12 324 123 16 15 278 113 15 10 339 123 14 13 0 203 7 25 
72 0 255 82 59 646 204 48 28 53 214 54 36 226 217 35 35 269 167 26 21 315 145 19 19 489 143 24 14 528 151 23 15 338 158 25 21 88 169 50 29 471 149 19 15 332 226 37 40 571 186 32 24 505 163 30 26 197 123 25 12 573 202 33 33 0 171 55 31 271 221 37 46 51 190 49 27 182 127 24 12 319 130 16 14 477 133 19 12 72 154 51 24 338 123 15 13 323 124 17 13 760 244 40 45 1 203 7 24 461 134 18 11 277 112 17 11 110 146 33 21 141 212 13 29 
73 642 201 47 28 0 255 80 58 337 158 25 21 224 218 36 35 52 210 54 38 329 227 40 40 267 166 27 22 501 161 33 26 571 197 31 36 88 169 48 28 471 148 19 15 528 149 21 15 564 184 35 23 490 142 19 13 198 123 25 11 182 126 23 12 1 172 53 29 50 189 49 29 314 145 19 19 478 132 17 11 270 220 37 49 322 123 16 14 461 133 18 11 757 243 43 45 339 123 14 13 319 130 15 13 277 112 16 10 138 211 17 34 473 144 20 14 326 114 15 11 49 155 71 24 90 146 50 22 504 122 18 11 448 121 19 14 
74 0 256 75 59 640 197 45 31 337 158 24 20 49 208 52 42 524 147 22 16 221 217 36 37 265 166 27 22 329 228 37 41 48 185 51 28 502 165 25 21 180 125 25 12 565 195 34 36 313 143 16 18 489 141 18 13 472 144 19 14 198 121 23 12 1 169 52 31 84 166 52 29 560 183 36 23 476 130 19 12 338 122 14 14 747 243 52 40 461 132 18 11 320 123 16 14 268 221 38 50 137 212 12 29 748 237 51 48 326 107 13 7 48 155 69 24 326 114 14 10 470 148 21 15 563 183 28 15 275 112 13 10 318 130 16 12 
75 0 256 74 60 634 196 46 28 47 213 54 37 336 158 23 21 220 219 36 38 85 167 51 28 564 197 32 32 521 146 22 17 327 232 40 40 48 183 52 31 311 146 18 18 499 158 29 26 561 181 29 16 179 124 27 13 264 165 28 24 488 139 19 15 1 168 52 32 742 237 57 41 473 143 20 14 195 121 24 12 267 221 38 53 459 131 20 12 338 123 13 14 320 122 16 16 475 130 18 12 50 155 63 23 325 107 12 7 134 213 13 27 75 149 50 22 733 233 65 47 325 114 15 11 
76 631 197 45 24 46 212 55 39 0 255 74 62 218 223 38 36 337 158 24 21 560 193 34 32 329 234 38 43 562 180 27 17 499 158 27 26 311 146 19 18 522 146 20 17 49 182 51 31 86 167 51 27 264 166 28 23 739 233 61 44 180 123 28 13 1 169 52 30 488 139 19 15 473 143 19 13 193 120 26 12 338 122 14 14 50 154 63 24 326 107 12 7 460 132 19 11 465 143 18 13 266 227 37 50 318 130 16 12 490 135 18 13 320 123 16 14 325 114 16 11 132 216 16 34 74 149 51 22 
77 45 214 55 37 630 195 42 25 559 194 35 30 0 255 75 63 88 167 49 27 217 224 39 38 336 158 25 22 47 182 54 32 312 146 18 18 329 236 38 43 730 233 69 40 499 157 28 27 180 123 27 13 560 179 29 17 519 145 23 15 264 166 28 24 1 169 51 30 195 120 24 12 338 122 14 14 473 142 20 14 487 138 20 15 264 230 41 51 74 149 51 22 50 153 63 25 326 107 13 7 320 123 16 14 317 130 16 12 459 132 20 11 274 111 14 11 464 141 20 15 325 114 16 11 130 218 18 33 
78 628 193 41 27 42 214 57 38 558 193 32 30 0 257 70 66 213 225 41 39 311 146 19 19 87 167 50 27 47 182 53 32 336 158 24 22 723 231 70 41 499 156 28 28 264 166 23 27 560 179 26 17 518 145 22 15 181 123 26 13 328 240 40 46 1 170 51 29 194 120 25 12 474 142 19 13 338 122 13 14 317 130 18 13 464 142 19 14 487 136 21 13 74 149 51 22 320 123 17 14 326 107 12 7 459 132 20 12 273 111 14 11 50 154 63 24 672 240 28 28 264 230 40 54 263 232 41 54 325 114 15 10 
79 42 214 55 39 312 147 17 19 0 257 69 69 625 192 40 26 724 229 62 38 212 227 41 41 327 244 40 45 48 182 53 33 86 167 51 27 262 168 25 25 497 156 27 27 336 159 25 23 556 191 31 32 516 145 22 15 180 124 28 12 1 169 52 30 558 179 27 17 475 141 19 13 193 120 26 12 464 142 19 14 668 239 32 28 486 136 22 12 318 129 17 14 338 122 13 14 320 123 17 15 340 166 19 17 458 132 20 11 50 154 62 24 74 149 51 22 326 107 12 7 262 236 42 52 446 122 20 12 
80 623 191 41 26 312 147 17 19 41 214 55 39 0 258 66 67 496 156 28 27 720 227 60 38 48 182 52 33 87 167 50 27 210 229 43 43 262 169 25 25 326 247 41 47 548 176 36 24 517 145 21 14 337 159 24 23 180 124 28 12 1 170 51 29 193 120 26 12 476 140 19 13 557 191 28 29 122 219 17 34 464 142 18 14 318 129 17 15 260 238 42 54 338 122 13 14 320 123 17 14 487 136 20 12 50 154 62 24 74 149 51 22 326 107 12 7 666 236 32 31 446 122 20 12 458 132 19 11 
81 311 149 18 17 39 214 55 40 719 226 57 35 620 190 42 26 0 260 65 68 88 167 49 27 326 252 42 46 48 182 53 33 207 232 43 42 261 170 26 27 548 174 33 25 497 158 25 20 180 124 27 12 339 167 22 17 1 170 51 29 317 130 17 14 194 120 25 13 548 189 34 30 463 141 19 14 662 232 36 33 517 144 18 14 50 154 63 24 488 135 19 12 338 122 14 15 261 238 40 56 475 141 17 12 122 223 15 26 258 246 45 49 320 122 15 14 74 149 51 22 325 114 15 10 326 107 13 7 
82 310 148 18 19 615 188 41 25 35 215 57 39 1 263 62 65 719 223 50 38 86 166 50 28 260 171 26 26 47 182 53 34 338 166 22 19 0 164 54 34 180 123 27 13 207 233 40 43 657 232 50 33 545 190 34 28 545 173 32 24 491 151 29 29 326 252 40 49 193 120 25 12 516 144 18 13 76 149 49 22 463 141 18 13 473 140 18 13 487 134 20 13 316 130 17 14 258 246 43 51 49 157 36 23 325 107 12 7 338 123 13 14 319 121 16 17 475 132 20 13 325 114 15 11 259 239 39 54 119 223 14 26 
83 613 188 42 25 32 214 56 43 310 148 17 18 86 166 50 27 258 172 27 25 0 265 55 64 718 221 45 35 338 166 22 20 46 181 53 34 205 235 42 44 0 164 54 33 179 122 25 13 653 229 54 33 462 140 18 14 490 151 30 27 323 255 45 52 549 173 23 15 544 173 30 24 487 134 18 13 75 148 49 23 544 190 33 26 255 249 41 58 476 134 20 13 193 119 24 12 49 158 36 23 324 107 13 7 315 132 14 11 115 222 19 33 338 123 13 14 517 143 16 14 255 248 46 54 
84 613 187 39 24 32 215 55 43 309 148 19 19 257 173 27 25 87 166 50 27 719 219 41 36 0 265 55 64 338 166 21 20 204 235 43 45 47 181 53 34 651 227 48 33 546 172 25 16 179 122 24 12 0 164 55 33 543 185 30 28 490 151 29 27 462 140 18 15 323 257 44 55 111 225 20 35 486 133 19 14 76 148 49 23 194 119 23 12 254 250 47 56 316 130 17 14 511 141 19 15 324 107 13 7 783 349 17 42 476 133 20 14 45 156 51 23 338 123 13 14 254 252 42 59 324 113 17 13 318 122 17 15 
85 31 215 55 45 608 184 41 26 309 149 18 18 88 166 48 27 256 174 27 26 337 166 22 21 648 225 49 33 1 265 51 67 47 181 53 34 718 218 36 33 200 241 44 43 545 171 24 17 179 122 24 12 0 164 55 33 462 140 18 14 109 227 19 34 322 264 47 53 488 150 29 28 541 185 29 28 511 140 19 15 76 148 48 23 484 132 21 15 316 130 18 14 194 119 23 12 324 107 13 7 777 344 22 49 475 133 21 14 253 252 49 60 45 156 50 23 338 123 13 14 
86 27 214 59 48 606 184 39 24 309 149 18 19 255 175 28 26 642 222 53 34 88 166 48 27 46 181 53 34 336 166 23 22 2 265 48 67 719 218 30 32 199 241 43 46 107 228 18 34 321 268 49 56 179 122 24 12 486 148 30 27 0 164 54 33 509 141 18 15 542 170 26 17 461 140 18 14 472 132 22 16 540 184 29 27 486 132 19 15 75 148 49 23 765 338 35 47 250 259 45 60 314 132 15 12 323 107 14 8 46 156 49 23 337 123 13 14 194 120 23 11 448 123 18 11 
87 27 214 60 48 640 221 55 33 605 182 38 24 309 149 19 20 256 176 28 27 47 181 53 34 86 166 51 26 322 273 49 55 2 267 47 65 337 166 23 23 199 243 43 48 486 148 30 27 180 122 24 12 105 229 21 33 0 165 55 32 463 140 18 14 316 130 18 14 543 169 25 17 510 139 17 15 487 132 18 14 760 335 40 53 472 132 20 15 75 148 50 23 717 217 26 30 324 107 14 7 534 180 33 31 197 118 24 11 545 188 23 19 250 261 54 59 318 121 17 14 338 123 13 13 448 122 17 12 250 261 47 61 324 114 17 12 195 245 51 49 108 245 16 20 
88 639 220 54 31 311 149 19 21 604 181 39 23 25 221 63 41 256 177 29 27 85 166 54 27 47 181 54 35 195 248 47 47 338 166 24 23 1 268 48 66 486 148 30 26 463 140 18 14 323 281 50 55 180 122 25 13 317 131 17 14 544 169 24 17 752 326 48 64 0 164 55 33 685 212 55 30 473 133 20 13 511 139 16 15 543 186 25 20 104 230 21 33 486 132 20 14 195 119 24 13 339 122 14 15 76 149 50 22 341 130 15 12 250 265 54 59 321 121 15 14 325 107 13 7 108 245 17 21 472 125 17 11 325 114 16 12 50 153 63 24 248 264 49 64 456 125 20 11 
89 599 180 42 22 638 217 51 32 311 150 18 20 24 221 64 42 338 164 26 26 256 177 27 27 485 148 32 26 47 181 55 35 84 164 55 29 1 270 46 61 323 283 52 60 464 140 18 14 317 131 17 14 682 210 54 31 180 122 25 12 194 248 47 50 536 180 31 27 749 318 48 75 486 131 19 14 511 138 16 15 0 164 56 33 341 130 15 12 535 168 30 17 338 122 15 15 103 231 21 34 320 121 17 15 474 132 21 13 196 119 23 12 77 149 50 21 325 107 14 8 472 125 16 11 458 125 18 11 
90 598 180 39 22 310 150 19 21 24 222 61 41 635 216 49 31 47 180 54 36 255 177 28 28 338 165 26 26 85 164 54 28 0 270 47 61 485 146 29 27 181 122 24 12 190 248 47 53 747 320 50 63 317 131 17 14 534 176 30 26 0 165 56 32 325 284 48 65 341 131 15 11 510 138 15 14 463 140 18 13 486 131 19 14 102 235 18 36 198 118 25 11 243 273 50 70 338 122 15 15 535 167 30 15 462 133 18 13 321 121 16 15 76 149 51 21 324 107 14 8 675 207 31 26 474 132 17 13 538 166 22 12 460 125 18 11 
91 629 213 49 32 599 178 35 22 338 165 26 27 51 182 53 33 254 179 28 28 187 252 52 54 21 222 62 41 311 150 18 21 85 163 54 29 324 289 49 68 0 270 45 64 484 145 29 28 531 176 32 25 181 122 24 12 0 165 56 32 509 138 16 15 745 317 54 66 317 130 16 15 673 205 33 29 340 131 16 12 536 165 22 12 198 117 25 13 486 131 19 13 462 133 19 13 464 140 17 13 320 121 16 15 338 122 15 15 77 149 50 21 534 167 28 15 240 277 53 68 324 107 14 9 472 125 17 12 100 236 19 36 
92 595 176 36 23 628 214 47 28 254 182 28 27 19 223 62 40 310 155 20 20 339 167 24 27 670 204 36 30 52 183 52 33 321 299 54 65 85 165 54 28 184 257 53 55 0 271 44 62 742 313 58 61 536 186 24 14 180 122 25 12 508 138 18 14 317 132 17 14 2 163 62 35 534 165 23 13 340 131 15 12 487 149 22 19 472 132 19 13 320 122 16 13 96 236 18 38 239 279 56 74 463 140 18 13 196 119 23 12 325 107 14 8 338 122 15 14 533 176 29 23 77 149 50 21 487 132 17 12 472 125 16 12 
93 591 176 39 22 626 212 45 29 252 183 31 28 309 155 20 21 666 202 40 30 322 303 52 68 17 223 61 40 84 166 55 27 182 263 56 53 47 181 54 36 338 168 25 26 0 271 42 62 534 164 22 14 0 164 56 34 181 122 24 13 506 139 17 15 485 148 25 21 534 184 24 17 315 133 19 14 741 310 59 60 340 132 14 12 75 149 51 22 195 119 24 13 324 107 14 8 321 121 15 13 486 132 17 12 92 245 20 33 463 134 17 12 236 293 55 71 338 122 14 14 464 140 16 13 325 114 16 11 
94 586 176 40 21 308 155 20 21 622 210 45 28 46 181 55 35 250 183 31 29 662 201 42 30 180 264 53 53 11 218 66 50 85 165 53 27 532 163 23 15 322 303 53 78 484 147 23 21 532 180 24 19 0 165 54 32 504 138 19 14 180 121 26 13 338 171 25 26 313 132 22 16 0 271 42 61 340 132 14 12 89 246 21 33 462 134 18 11 324 107 14 7 75 149 50 22 741 308 59 55 197 118 25 11 324 116 15 10 232 291 59 74 319 121 16 11 49 153 65 25 232 291 59 74 338 116 13 9 463 140 16 13 733 307 67 57 
95 584 174 40 22 308 155 20 21 618 209 47 27 248 184 32 29 48 180 53 35 659 199 43 30 177 267 55 56 86 164 52 28 532 162 21 15 12 218 63 50 319 316 57 73 338 171 26 26 503 136 20 12 484 147 22 20 0 164 54 33 0 272 41 61 530 177 23 21 340 132 14 12 313 131 22 17 181 122 25 12 324 107 14 8 462 133 18 13 199 117 23 12 231 295 54 75 734 306 64 50 324 115 15 11 73 148 52 22 319 121 17 12 463 125 17 11 734 306 64 50 338 116 13 9 463 139 16 14 50 152 64 26 88 245 20 36 
96 614 205 48 29 584 172 38 23 307 156 21 21 248 185 31 30 531 161 21 15 48 180 53 35 173 268 57 60 86 164 52 27 658 198 44 29 501 135 22 14 482 146 26 21 10 220 65 50 338 171 25 26 528 177 25 19 1 165 53 32 181 121 24 13 0 271 38 62 340 132 14 12 320 314 56 86 313 132 22 16 199 117 23 12 462 132 18 13 730 306 66 47 229 296 56 80 324 107 13 8 86 245 19 38 74 148 52 22 462 124 18 12 338 115 14 11 324 115 16 10 49 152 64 26 320 121 16 12 338 122 14 14 
97 612 205 46 28 307 157 21 20 656 196 43 28 584 171 35 23 48 180 53 35 246 186 33 29 86 164 52 27 338 172 25 26 10 221 63 50 531 161 20 15 171 271 55 63 1 165 53 32 501 135 21 13 483 146 23 20 180 121 24 13 340 132 14 13 313 132 22 17 224 296 64 90 198 117 24 12 316 327 61 85 0 276 26 56 324 107 14 8 463 132 16 13 529 176 22 21 84 245 19 40 74 148 52 22 49 152 65 26 339 116 13 10 741 303 43 44 320 121 16 12 324 115 16 10 462 124 18 13 
98 582 170 33 22 611 203 43 28 307 157 21 21 654 194 42 27 48 180 52 35 500 135 22 13 338 173 25 27 245 187 30 30 315 333 62 89 86 162 52 29 7 221 65 49 482 145 24 21 180 121 24 12 530 160 20 15 0 164 55 32 167 277 59 64 340 132 14 13 198 117 24 12 219 304 64 89 462 132 16 13 77 245 21 41 323 106 14 9 0 276 22 56 313 131 22 18 521 176 27 18 463 124 16 12 318 120 17 13 338 116 13 10 736 301 41 41 323 115 16 11 72 148 53 22 338 122 14 14 268 113 13 9 447 123 17 10 
99 582 170 32 21 649 193 43 27 608 201 42 27 305 157 22 21 47 180 54 34 499 135 22 12 338 173 25 28 245 188 29 30 5 222 66 47 85 162 53 29 309 341 69 94 161 280 64 63 340 132 14 13 0 164 54 32 181 120 23 13 519 165 30 26 482 144 22 22 525 158 24 17 215 311 59 88 214 310 71 88 196 117 25 12 323 106 14 9 314 131 20 18 464 124 15 13 317 120 18 14 72 147 53 22 0 287 20 46 463 131 14 14 74 247 23 38 764 283 35 41 446 122 18 11 338 115 13 11 268 112 13 10 338 122 14 15 75 254 22 36 323 115 17 11 
100 645 192 42 27 579 169 34 21 243 190 31 30 47 180 53 35 606 200 42 27 305 158 22 22 338 174 25 28 499 135 21 12 153 284 71 64 516 166 30 26 5 229 64 44 85 163 53 28 338 132 16 14 307 348 72 98 0 164 54 33 525 158 22 16 180 120 25 13 213 322 59 90 323 106 14 9 196 117 25 12 72 254 22 36 318 121 17 12 475 139 28 24 314 133 15 15 463 124 17 12 461 131 16 13 73 148 52 21 0 289 19 46 267 112 14 10 211 311 74 99 337 115 14 11 337 122 15 15 
101 600 197 43 26 148 288 76 66 649 192 38 26 47 180 53 34 242 191 31 31 576 168 33 21 338 174 24 29 3 229 66 44 303 157 25 26 69 253 23 39 307 357 72 105 515 165 29 27 84 163 54 28 498 135 21 12 337 132 16 15 525 158 21 16 210 319 64 102 180 120 25 13 0 164 54 32 314 133 15 16 318 121 17 12 323 106 14 9 640 191 36 24 196 117 25 12 476 140 23 21 757 269 43 65 463 124 16 12 461 131 15 13 73 148 52 21 207 320 80 99 267 113 14 9 336 122 15 14 340 186 22 19 
102 598 197 39 25 572 167 33 21 239 191 33 32 47 179 53 34 145 290 81 68 640 188 40 29 85 163 51 28 0 223 68 48 523 157 19 17 303 158 22 22 312 133 17 16 304 363 74 107 519 168 21 22 0 164 55 31 337 132 16 15 178 120 24 13 337 172 24 32 205 325 70 104 475 139 21 21 496 132 20 13 195 117 23 12 73 147 51 23 754 271 46 60 322 106 15 9 61 253 26 42 461 123 16 12 266 112 14 10 478 147 19 17 337 116 13 10 339 188 22 18 336 122 15 14 457 131 15 12 475 124 17 12 447 124 18 11 
103 595 195 43 27 635 186 42 28 569 164 33 22 46 179 53 32 237 192 32 32 492 131 22 13 144 294 67 71 312 132 17 16 0 223 67 48 86 162 48 28 302 157 22 22 334 173 26 31 473 139 22 21 518 167 19 20 0 163 51 31 752 271 47 55 337 131 15 14 521 154 16 15 59 254 23 41 195 115 22 13 203 327 68 107 322 106 15 9 72 146 51 23 336 121 15 17 448 130 21 13 59 264 23 35 202 333 69 110 265 112 15 8 460 123 18 12 336 114 14 12 338 188 22 18 473 123 18 13 
104 593 193 40 24 631 185 42 27 43 178 54 32 492 130 20 13 140 299 68 72 310 133 17 15 472 139 22 20 301 158 22 23 0 223 65 49 233 192 34 34 567 163 32 20 519 153 17 16 336 132 16 13 516 167 19 19 77 161 53 30 196 334 80 121 748 267 51 53 333 174 26 31 0 162 53 31 55 255 25 41 194 114 22 12 264 112 15 8 321 105 15 10 335 121 15 16 656 263 34 41 50 147 66 25 179 117 26 12 55 264 24 37 459 123 15 12 335 115 14 11 448 125 18 12 336 189 23 18 
105 589 190 40 26 564 162 33 20 44 177 52 33 309 132 18 16 489 129 21 14 631 184 38 26 299 159 23 22 130 303 75 75 471 138 22 20 231 193 34 34 333 173 26 33 78 161 51 29 518 152 17 15 336 131 15 14 0 221 63 52 0 161 50 32 194 114 21 12 502 162 32 24 179 116 25 13 183 344 92 123 651 260 39 44 321 105 15 9 334 121 16 16 51 257 24 38 757 268 42 47 50 146 64 25 458 123 15 12 262 107 16 11 263 112 15 7 335 115 13 12 325 97 13 7 
106 583 189 39 23 622 180 41 27 42 176 53 34 308 132 17 15 560 161 32 19 228 194 38 37 469 138 22 18 296 158 25 25 331 174 27 33 501 157 32 25 0 226 59 50 334 131 16 14 0 160 48 32 488 129 21 13 76 160 52 29 118 308 81 79 178 115 24 13 193 113 22 12 776 339 24 42 45 263 24 38 178 349 88 124 334 121 14 16 39 148 65 24 321 106 13 8 334 115 13 11 646 256 41 40 312 122 14 10 518 151 15 15 170 116 24 13 448 123 18 13 262 106 16 10 313 117 15 11 175 337 94 128 324 96 13 7 
107 581 188 41 25 618 178 41 26 307 132 17 15 40 176 55 33 558 159 32 21 331 179 27 30 466 137 24 19 228 194 33 36 75 159 52 29 334 131 15 13 0 225 57 52 294 158 25 25 764 337 36 45 500 157 31 24 0 159 49 32 487 126 20 13 178 113 30 13 313 117 15 10 39 263 26 40 40 276 25 32 112 309 87 80 333 122 14 15 320 105 13 9 503 165 24 17 752 275 41 32 115 311 74 79 192 112 22 12 259 106 16 10 169 116 24 12 176 354 88 131 334 115 12 11 645 254 41 43 448 122 19 13 323 97 13 6 446 115 18 13 
108 576 185 41 24 616 178 39 25 555 157 33 22 306 132 17 15 42 174 50 34 225 196 37 35 330 179 28 31 0 226 56 51 294 161 24 27 78 156 48 30 500 159 27 21 465 135 25 21 36 264 26 41 486 126 20 13 0 159 49 32 312 115 17 12 745 268 44 34 111 314 80 83 333 131 15 14 36 276 27 34 37 146 68 26 179 113 28 12 757 326 41 64 169 116 23 11 168 355 103 129 259 106 14 10 192 112 21 11 333 121 14 16 637 251 53 43 110 314 89 82 504 149 24 16 446 115 18 12 173 364 79 129 322 96 13 7 334 115 12 11 320 105 13 10 313 104 14 12 
109 574 183 41 23 305 132 17 15 41 172 51 35 615 175 37 26 330 180 28 30 554 156 32 22 498 158 26 21 293 162 24 25 485 126 20 12 223 196 36 36 77 156 49 29 167 114 26 12 0 226 52 51 752 327 45 62 311 115 16 12 30 262 25 45 106 323 86 86 1 159 41 31 332 131 16 13 463 129 24 23 746 267 33 30 182 111 25 12 505 148 21 16 633 250 52 41 167 371 86 128 169 372 98 124 322 96 12 7 258 107 15 8 445 122 18 13 445 115 18 12 30 272 26 40 192 110 20 12 333 115 13 12 333 121 13 16 
110 608 173 40 25 571 181 40 24 39 172 53 34 75 156 50 28 304 131 17 16 551 154 32 22 330 180 26 31 220 196 38 38 292 162 25 25 0 226 46 52 168 114 24 11 627 245 55 40 100 325 86 88 0 154 41 34 746 323 51 59 483 126 21 11 310 114 17 13 462 129 24 23 256 106 16 9 498 157 21 20 35 143 69 28 26 274 25 38 157 375 97 123 332 131 15 13 321 95 14 8 313 104 15 11 445 121 17 14 326 113 17 11 26 265 25 39 492 148 27 26 322 106 15 10 
111 566 180 42 23 605 173 39 24 38 172 53 32 302 132 18 15 290 161 26 26 550 154 27 21 736 316 62 66 328 181 27 31 492 147 26 29 217 197 39 38 461 129 22 21 167 113 26 12 623 241 59 42 309 114 17 14 0 226 44 53 0 154 41 34 73 154 53 28 94 332 86 88 158 385 96 109 312 104 16 10 309 97 15 9 327 113 16 11 445 114 18 13 481 123 18 13 330 131 15 12 255 105 16 10 182 109 22 13 94 332 86 88 
112 568 179 35 24 603 171 37 25 302 131 17 16 36 171 54 32 327 180 28 33 291 161 26 26 460 129 21 20 545 152 31 20 214 199 39 38 491 146 26 28 478 121 22 14 309 114 16 13 150 396 106 104 73 153 52 29 619 237 60 41 728 311 72 60 167 111 25 13 1 153 40 34 255 105 17 10 2 223 39 47 311 104 16 11 329 131 16 12 326 113 17 12 309 97 14 8 182 108 28 12 85 337 96 97 84 332 94 101 446 114 16 13 459 113 17 13 12 271 28 44 323 95 13 7 
113 563 177 38 22 600 170 38 23 544 151 31 20 288 161 26 27 301 130 19 16 326 181 29 33 36 170 55 32 726 307 74 58 459 129 21 18 612 235 59 40 479 122 19 13 72 153 52 29 212 200 40 39 308 113 17 14 492 147 21 24 0 152 40 34 326 113 17 13 2 222 37 48 329 131 16 12 311 104 15 11 10 273 27 42 143 413 111 85 309 96 15 9 182 107 27 12 444 114 18 13 168 111 23 12 82 342 88 96 496 142 19 14 78 339 86 105 
114 560 175 39 22 543 151 30 18 718 304 82 54 600 168 34 25 299 130 19 16 612 233 53 39 458 128 20 19 478 120 19 13 287 161 27 27 489 148 23 23 73 153 50 28 325 181 29 35 36 170 53 31 212 200 39 40 182 106 25 12 0 151 40 34 308 113 16 13 329 131 16 12 326 113 16 11 1 220 37 50 166 110 24 12 74 347 91 105 309 96 15 9 311 104 15 11 495 140 20 15 34 138 70 24 444 114 16 12 458 123 19 17 325 107 14 10 
115 595 166 36 23 558 173 39 22 541 149 30 19 610 227 51 42 487 148 25 22 286 162 27 27 72 152 51 28 458 129 20 17 477 121 18 12 325 180 29 38 299 130 19 16 181 105 26 12 0 151 41 34 714 301 82 54 307 113 16 12 328 131 17 12 33 169 53 33 209 203 40 39 456 123 20 17 326 113 16 11 62 353 105 113 34 137 69 26 309 96 16 9 1 220 34 49 326 107 14 10 166 110 23 11 494 139 20 15 251 103 16 10 442 114 18 11 418 103 18 12 310 104 15 11 323 88 12 7 
116 555 171 39 22 593 165 35 23 285 162 28 28 73 152 49 28 609 225 49 42 487 148 25 21 721 294 70 52 541 149 28 18 306 113 16 13 324 180 31 39 457 126 19 20 32 168 55 33 298 129 21 17 0 150 40 34 476 120 19 12 328 131 17 11 327 112 15 13 181 104 26 12 207 204 40 39 55 360 106 115 309 96 15 10 492 138 20 17 1 221 33 47 58 135 50 23 251 103 15 9 37 137 63 25 326 106 14 11 168 107 23 13 778 256 21 36 435 114 17 12 313 88 10 7 441 113 17 12 
117 554 171 38 21 590 163 34 23 285 162 27 29 486 148 24 19 71 151 51 27 537 145 30 21 306 112 17 13 325 180 30 40 608 223 48 41 455 122 21 19 0 150 42 33 720 291 64 48 473 117 20 13 182 103 26 13 327 131 18 11 32 167 54 34 298 129 21 17 327 112 15 13 34 137 69 25 309 95 15 11 166 107 25 13 46 366 108 120 205 204 40 41 662 228 23 28 1 220 32 50 490 139 21 16 326 106 14 11 435 113 17 13 252 102 14 9 324 87 10 7 
118 553 169 35 21 586 161 37 22 73 150 48 27 285 162 27 29 604 219 48 38 474 117 19 12 486 146 22 20 455 121 18 21 536 143 30 19 307 112 15 13 41 377 112 118 324 184 32 38 724 292 50 44 32 168 54 31 326 112 16 14 296 131 21 15 327 130 17 12 655 226 30 26 33 136 68 25 0 149 41 33 180 103 27 12 490 135 19 14 309 95 16 12 459 127 17 17 204 205 40 42 166 106 26 13 323 87 11 7 326 105 14 12 490 139 19 17 437 113 15 12 762 245 38 41 1 222 31 47 
119 586 159 34 24 550 165 35 22 534 143 30 18 603 218 48 39 285 162 27 31 74 150 47 27 721 293 49 37 473 116 20 12 485 146 22 18 324 184 32 39 454 121 19 19 306 111 17 13 654 222 32 28 295 131 22 14 31 167 56 32 489 134 20 14 0 149 42 33 327 130 18 12 180 102 27 12 166 105 25 12 203 207 41 42 309 95 17 12 39 388 111 104 325 112 17 14 33 135 64 25 758 244 42 42 326 105 15 11 249 97 17 13 322 86 12 7 0 220 33 71 312 87 12 7 446 105 17 12 61 131 48 22 753 237 47 55 251 102 15 8 
120 548 164 36 21 534 142 28 18 601 215 43 37 585 158 33 24 74 148 48 28 285 164 26 30 324 185 32 39 472 115 19 13 295 130 22 16 453 121 20 19 306 111 18 13 32 163 54 35 651 220 36 30 750 236 50 51 23 396 119 99 721 291 41 36 0 148 42 33 486 139 22 21 327 130 18 12 201 208 40 42 165 105 26 12 484 146 22 18 181 101 25 13 33 135 65 25 309 95 17 12 326 112 16 14 488 134 20 14 326 105 15 11 0 221 34 69 249 97 16 12 196 208 48 48 322 86 13 7 60 130 50 23 455 104 19 14 311 87 13 8 
121 549 163 34 20 532 141 28 17 582 155 33 24 74 148 49 27 471 113 20 13 284 164 27 31 601 214 40 35 36 164 52 33 483 139 24 21 323 185 32 41 306 112 17 12 295 130 22 16 453 121 19 15 748 237 52 40 0 148 40 33 327 130 18 12 309 96 16 11 197 211 43 44 166 104 25 12 488 133 20 14 327 105 15 11 181 101 25 12 20 402 112 98 60 130 50 23 326 112 16 13 0 220 33 71 34 134 65 25 650 217 36 34 250 97 15 12 311 86 13 8 322 86 12 7 195 209 48 48 455 104 19 13 308 102 16 14 415 94 18 13 
122 544 161 37 22 581 154 32 23 531 141 27 17 283 165 27 31 74 148 49 27 36 164 53 33 484 138 21 21 470 113 20 13 295 131 23 16 452 120 21 17 588 209 46 38 306 111 17 13 322 184 34 45 327 130 18 12 0 148 40 33 743 234 56 40 309 96 16 11 325 112 17 13 195 212 43 46 165 103 27 13 60 129 49 24 327 105 15 11 487 133 19 15 249 97 16 12 180 100 25 13 648 216 39 34 322 86 13 7 15 414 107 86 194 210 46 50 34 133 63 26 311 86 12 8 
123 543 160 37 23 531 140 27 17 578 154 33 22 584 208 49 38 74 148 49 27 282 168 29 30 470 113 20 13 36 164 52 33 294 130 24 18 641 213 45 32 306 112 17 13 483 138 21 20 324 186 31 45 452 120 20 16 327 131 18 12 0 148 40 33 308 96 17 12 325 112 18 14 196 214 43 47 486 132 21 15 165 104 26 12 60 130 50 23 181 101 25 12 740 232 60 39 249 97 16 12 34 134 64 25 327 104 14 12 322 86 13 8 310 87 13 7 194 214 47 50 415 94 19 13 
124 542 160 36 22 530 139 26 18 575 153 34 22 283 169 28 30 581 204 48 38 639 211 49 34 73 147 51 28 36 164 52 33 726 228 73 40 306 113 17 12 470 112 20 14 294 131 24 18 322 192 36 42 483 138 21 20 0 145 39 34 309 96 17 12 165 104 26 12 327 131 19 13 452 120 20 16 182 100 24 13 485 132 21 16 328 105 14 12 32 133 68 27 193 217 48 49 326 112 17 14 249 97 17 12 322 86 12 7 59 129 53 23 311 86 12 8 
125 540 159 35 20 528 138 26 17 35 164 54 32 573 152 34 21 720 224 72 39 633 208 54 33 282 169 27 31 72 145 51 29 294 130 24 19 579 202 48 35 321 191 36 45 306 111 17 13 477 138 24 18 187 219 51 51 327 131 18 13 470 111 20 14 0 145 40 34 325 112 18 14 308 96 17 11 450 118 24 19 327 105 15 11 166 102 25 13 58 129 51 23 35 132 64 27 483 131 22 15 309 86 14 8 249 98 15 11 653 257 26 31 183 98 26 12 306 102 17 15 475 130 31 24 323 86 11 7 448 113 21 17 444 102 20 13 765 284 35 37 
126 572 151 31 22 71 146 50 26 294 130 22 18 537 156 36 20 279 169 29 33 33 161 51 34 574 199 46 37 322 193 34 44 629 206 56 33 304 112 17 12 308 95 17 13 164 101 24 13 713 219 74 39 477 137 22 19 183 98 23 12 0 144 39 35 186 223 47 45 326 130 19 14 325 112 17 14 524 136 26 18 477 130 25 19 326 105 15 11 57 128 51 24 468 111 21 13 447 112 21 18 450 118 19 17 761 282 39 41 248 98 14 10 34 131 65 28 649 250 30 32 309 85 15 10 
127 534 155 34 20 626 201 54 36 710 217 70 40 293 130 22 18 278 169 30 34 32 160 53 35 574 199 41 35 70 144 51 28 570 150 31 20 476 136 19 19 522 134 27 18 321 193 35 46 325 131 20 13 303 111 17 13 307 95 17 12 164 101 24 13 476 131 22 18 182 97 23 13 325 104 15 12 325 112 16 14 0 143 38 35 246 97 15 10 446 112 20 17 751 270 45 59 186 223 44 48 467 111 22 13 450 119 17 15 58 128 51 23 308 86 15 9 641 249 36 30 
128 522 133 26 18 568 147 30 22 624 201 52 35 293 130 22 18 707 213 65 42 71 144 50 28 278 169 30 36 534 154 33 20 304 111 18 13 475 130 23 21 572 198 41 33 33 160 51 34 321 193 36 49 307 95 16 11 326 131 19 13 182 97 23 12 0 142 40 35 325 104 16 11 246 97 15 9 447 112 18 17 477 136 17 18 165 100 23 13 325 111 16 15 179 227 53 48 761 272 36 43 57 128 52 23 451 119 16 15 467 110 21 15 480 125 18 14 263 86 14 8 309 86 13 9 
129 533 152 33 20 520 132 27 19 566 147 28 21 72 144 48 28 276 170 29 36 704 211 61 36 292 130 22 19 303 111 18 13 473 130 23 20 619 199 51 32 33 159 51 34 568 194 40 29 321 195 36 48 325 131 20 14 307 95 16 11 181 97 24 12 445 112 20 16 176 227 53 50 0 142 40 35 246 97 15 9 325 111 16 15 325 104 15 11 165 100 23 12 56 127 53 24 476 137 17 16 478 124 19 14 449 119 18 15 634 245 46 34 747 266 48 52 263 85 14 9 468 111 19 14 308 86 14 9 
130 531 151 33 21 520 132 24 18 704 210 55 37 564 147 27 19 291 129 23 20 275 171 30 36 71 144 49 28 474 130 20 18 618 197 48 32 324 130 20 15 33 159 51 34 302 111 18 13 319 199 40 48 307 94 17 12 443 110 20 18 173 230 54 52 567 193 38 28 324 104 16 12 629 240 50 33 181 97 23 12 476 124 19 16 325 111 16 16 246 96 15 10 0 142 40 35 164 100 24 12 57 127 51 24 761 269 39 46 476 137 16 15 744 260 53 50 307 87 14 9 32 135 35 25 262 85 14 9 
131 529 151 34 21 519 132 23 18 703 209 51 36 291 129 24 21 474 130 19 18 562 146 28 20 71 144 49 28 275 176 31 34 325 131 20 15 34 160 50 33 561 191 39 31 301 111 19 14 611 193 51 34 169 233 55 54 625 237 54 39 306 94 18 13 181 97 24 12 475 123 19 17 325 111 16 15 444 111 18 17 0 142 41 35 325 104 15 12 246 97 14 10 164 100 23 12 57 127 51 24 319 200 39 50 745 265 55 42 464 106 17 13 307 86 15 10 319 200 39 50 476 137 15 15 
132 518 132 23 18 525 151 36 21 291 130 23 21 610 193 48 33 71 144 49 28 324 131 21 16 624 236 53 38 558 190 39 30 558 144 32 22 274 178 29 34 703 207 45 35 33 160 51 33 473 130 19 18 301 111 19 15 325 111 17 16 181 97 24 12 443 111 20 18 474 123 19 16 306 94 18 13 245 97 15 10 325 104 16 13 164 100 23 13 0 142 40 35 57 127 51 24 167 237 53 53 320 201 37 52 745 263 54 45 306 86 15 10 475 138 15 14 463 107 17 12 319 200 36 52 
133 524 150 35 20 517 131 22 17 556 189 40 31 472 129 18 20 608 193 47 32 272 179 31 35 290 130 23 21 32 160 52 33 323 131 21 16 557 143 30 22 70 143 50 28 624 235 52 35 301 111 19 14 180 96 24 13 442 110 20 19 324 111 17 15 705 205 37 37 306 94 17 13 244 97 15 10 0 141 39 35 325 105 15 12 464 106 17 13 474 123 18 16 162 100 24 13 320 206 38 52 163 243 57 54 743 261 55 43 37 127 65 27 307 86 14 9 
134 523 148 34 21 515 130 23 18 555 186 37 29 605 191 46 30 469 129 19 18 31 159 54 33 70 144 49 27 270 179 31 37 159 242 60 56 301 111 19 14 181 96 23 12 621 229 55 38 442 110 20 17 323 132 21 15 306 94 17 13 290 130 23 21 557 143 28 23 324 111 17 15 318 207 42 53 462 105 18 13 324 104 16 13 0 140 39 36 741 260 50 39 243 96 15 10 472 123 19 15 35 127 66 27 704 206 31 32 164 97 25 14 307 86 15 9 260 84 15 10 
135 610 226 57 35 553 183 35 31 513 129 23 16 270 180 31 37 521 146 30 20 72 142 45 27 29 158 55 33 605 189 43 30 288 129 23 21 323 132 20 14 553 140 27 21 242 95 17 10 323 111 17 15 305 93 17 12 472 121 18 16 154 242 65 59 468 128 19 18 323 103 16 13 443 110 17 16 740 253 43 40 0 140 38 34 318 207 41 54 180 94 23 12 162 97 26 13 460 105 18 12 300 111 18 13 32 126 67 27 702 203 27 28 669 200 60 30 305 86 15 9 313 208 45 48 
136 552 139 26 20 609 220 53 38 268 180 33 38 520 144 29 20 287 129 23 21 554 180 31 32 323 131 20 15 597 183 44 33 72 140 43 28 26 157 58 33 160 95 28 13 738 259 41 29 463 128 23 16 512 127 24 16 241 93 17 10 323 110 16 16 0 138 36 35 322 103 15 13 442 109 19 18 151 245 69 62 459 103 19 13 179 92 22 13 23 127 66 26 304 93 17 12 319 208 39 54 439 104 21 16 460 123 29 17 470 121 18 16 310 77 11 8 313 207 44 50 656 197 69 34 305 87 14 9 
137 611 219 47 36 269 181 31 37 598 184 42 30 550 177 34 33 517 141 31 20 549 138 27 19 322 131 20 16 287 129 23 21 159 95 27 13 149 249 65 62 71 141 45 26 27 157 57 34 659 193 62 31 323 110 17 16 0 138 37 35 460 122 29 19 240 93 18 10 179 92 22 12 322 103 16 13 460 103 19 12 304 92 17 13 438 104 20 16 463 127 22 17 739 259 35 26 23 127 64 26 511 124 25 19 442 110 19 16 313 209 44 51 320 209 38 55 309 78 12 7 305 87 15 9 469 120 19 17 
138 549 137 27 19 548 175 36 32 609 216 49 36 71 141 46 26 322 132 22 15 599 183 41 28 515 140 33 23 269 185 33 37 31 157 54 34 161 96 26 13 242 93 17 10 150 251 62 67 288 130 22 20 661 192 57 31 324 111 17 15 461 122 27 20 323 103 16 13 0 139 38 34 512 125 23 17 439 104 20 17 180 92 22 12 306 92 17 13 443 109 19 16 31 125 69 27 461 102 18 12 300 111 18 13 305 87 15 11 318 214 42 57 469 120 18 17 315 213 43 52 310 77 12 7 
139 550 137 27 19 550 175 34 31 516 140 32 23 73 142 47 28 659 190 30 29 270 187 32 39 599 183 40 28 146 258 70 66 34 157 51 35 605 215 47 35 290 136 26 20 301 110 20 14 243 94 17 11 324 132 22 17 164 97 25 13 513 125 22 17 325 102 18 13 307 93 17 12 0 140 41 35 325 112 18 15 468 119 20 19 181 94 25 12 33 126 69 27 462 103 17 12 438 104 21 16 443 110 19 16 319 214 40 61 307 86 17 11 465 128 21 16 310 77 16 9 
140 550 176 31 29 657 187 34 33 516 140 32 23 547 137 28 19 72 143 51 28 271 188 30 41 292 137 23 20 35 158 55 34 143 263 72 69 303 112 19 14 594 180 40 28 606 214 45 35 514 125 21 17 0 141 43 35 182 95 24 12 307 95 17 12 244 96 16 10 468 120 21 18 327 103 17 13 326 113 18 14 326 131 21 20 462 103 19 13 34 128 68 26 320 218 40 58 165 97 25 14 465 127 21 17 439 104 21 17 443 109 19 17 307 85 16 11 262 84 15 9 
141 653 187 39 28 516 141 31 22 604 211 46 36 545 136 29 20 36 161 53 32 292 137 24 23 72 143 51 29 591 180 43 27 548 175 30 28 141 266 72 74 303 112 19 16 242 97 17 11 182 96 25 12 0 143 40 34 270 191 33 44 308 95 16 13 325 112 19 17 514 125 20 17 469 121 19 18 461 103 19 13 165 100 23 12 465 127 21 17 328 104 16 13 320 225 42 54 59 127 52 23 327 138 19 15 443 109 19 17 309 85 16 10 439 104 21 16 555 186 20 17 
142 605 211 42 35 651 186 40 28 36 163 54 31 517 141 29 21 545 136 28 20 587 176 42 29 70 142 55 31 304 113 19 16 546 175 29 28 136 272 75 76 292 136 25 25 270 195 35 43 183 97 25 13 0 144 41 34 309 96 16 12 327 139 20 15 166 100 25 13 465 127 21 17 470 121 18 18 321 229 42 55 514 125 20 17 443 109 19 17 242 98 17 11 460 103 20 14 261 85 16 9 327 105 17 13 35 134 62 26 327 112 17 16 310 85 14 9 556 185 18 18 439 104 22 17 
143 646 186 44 26 604 210 39 33 516 141 28 20 38 163 50 32 544 136 29 20 588 177 39 27 72 143 53 30 270 196 32 45 133 277 77 76 292 138 25 25 544 174 30 28 305 113 18 18 0 145 41 34 465 127 20 17 442 110 20 16 327 141 19 15 183 98 26 12 309 96 16 13 241 98 19 12 167 101 24 13 327 120 18 14 328 106 16 12 471 121 17 17 461 103 18 14 310 86 15 8 262 86 16 9 514 125 19 16 323 233 41 56 60 129 52 22 35 133 62 26 328 111 16 15 439 105 21 15 321 86 12 8 
144 643 185 46 27 583 176 42 28 515 140 28 20 603 209 36 33 543 136 29 20 37 163 52 33 541 172 29 29 71 142 54 31 464 127 21 18 268 201 34 44 291 139 25 25 126 282 78 79 0 145 40 34 442 110 19 16 327 141 20 17 304 113 19 18 166 101 26 14 460 104 18 14 309 96 16 12 309 86 15 9 327 120 18 14 261 86 17 10 59 128 53 24 183 97 26 13 245 102 17 8 324 236 39 59 327 106 17 12 308 101 15 13 510 130 19 12 321 242 44 55 461 119 27 23 470 121 18 15 
145 642 183 45 27 515 140 26 19 36 163 53 32 581 175 40 30 543 136 26 20 71 143 54 30 266 203 36 44 460 122 27 18 289 139 26 26 0 145 40 34 165 101 24 13 326 142 21 16 603 210 30 31 115 287 84 82 327 120 18 15 464 128 19 16 184 98 25 12 301 114 21 18 510 126 20 13 309 86 15 9 440 110 19 14 535 171 33 26 459 104 18 14 327 106 17 12 243 101 18 10 308 96 16 13 262 86 16 10 439 105 19 15 323 236 42 61 34 133 64 26 307 101 16 12 321 242 44 56 58 129 54 22 239 97 20 14 
146 636 180 47 29 513 139 23 18 34 161 51 32 576 173 42 29 460 122 22 16 71 143 51 29 326 120 19 15 111 289 82 85 183 97 24 13 324 142 23 16 263 203 35 47 0 143 41 35 530 168 34 25 288 138 26 27 164 100 24 13 662 225 22 21 325 105 19 13 508 125 20 14 540 134 25 21 457 104 19 14 238 97 20 14 299 114 22 19 308 86 15 9 307 96 15 12 320 242 44 60 463 128 16 15 261 85 17 10 58 128 52 23 306 100 16 14 591 203 36 32 33 132 67 28 326 111 17 14 439 110 19 14 
147 631 179 47 28 574 173 38 27 526 169 34 23 32 160 52 32 460 121 18 16 108 296 83 86 510 138 22 17 69 143 51 28 284 142 29 24 323 142 22 16 180 96 24 12 324 120 19 15 537 133 24 19 324 105 18 13 261 202 36 52 504 124 20 14 589 203 31 30 656 220 26 27 0 141 39 35 305 96 17 13 432 104 22 15 457 103 18 13 460 114 18 15 237 97 20 14 297 113 22 21 307 86 14 9 313 247 48 59 162 100 24 12 37 127 66 27 319 246 42 60 602 216 19 17 
148 626 177 44 27 509 139 21 15 571 172 37 26 30 160 54 32 534 133 23 18 459 120 17 16 71 143 47 28 283 143 27 23 322 142 23 17 526 167 29 25 323 120 19 15 101 302 86 90 323 106 17 12 257 206 41 53 307 86 15 9 502 124 19 13 432 104 20 14 459 114 17 16 0 141 40 35 304 96 16 13 456 103 18 13 179 95 24 13 235 96 18 12 589 201 27 31 163 97 28 14 34 128 68 26 317 250 47 63 651 216 30 27 298 115 17 15 324 110 17 16 260 85 14 9 600 214 16 18 313 248 48 66 
149 508 139 21 15 626 177 41 26 30 161 53 31 458 120 17 16 568 172 38 26 322 120 19 16 531 133 25 19 524 167 30 25 282 143 27 24 71 143 46 28 97 310 84 88 431 105 20 14 321 141 22 19 323 106 17 12 458 113 18 16 179 96 24 12 258 209 39 53 234 96 19 14 297 120 17 13 0 141 37 35 307 86 13 9 456 104 18 13 303 96 16 13 499 124 20 14 163 97 27 14 34 128 68 26 318 254 45 63 323 110 17 17 649 214 30 31 317 259 47 61 599 215 14 16 301 99 18 15 
150 617 176 46 25 506 139 20 15 321 119 18 18 28 161 54 31 528 133 27 19 519 166 33 24 562 169 39 25 457 121 17 15 282 146 26 24 71 143 45 28 87 317 93 98 429 105 19 14 0 141 36 36 179 95 23 13 306 86 14 9 297 119 17 14 496 125 18 12 233 97 19 13 255 210 38 54 322 148 20 15 323 106 16 13 642 215 35 28 454 103 17 14 457 114 17 15 163 97 27 14 257 84 16 11 317 259 46 65 321 110 17 17 301 100 17 14 36 127 66 27 313 261 48 61 
151 615 175 43 25 505 139 19 15 560 168 38 26 28 161 52 32 322 119 16 18 281 146 26 25 527 132 27 19 455 121 18 15 517 166 33 23 295 120 19 15 320 146 22 18 65 143 48 29 79 319 98 101 253 220 38 48 428 105 20 15 495 124 19 13 306 87 15 9 232 97 19 13 258 86 16 9 0 142 35 35 640 213 37 30 323 106 15 13 321 110 16 17 178 96 24 13 456 114 18 16 311 262 51 70 300 100 17 14 36 128 65 25 777 248 22 36 165 98 27 13 315 262 49 68 159 99 26 14 454 103 16 14 
152 613 173 41 26 28 162 52 32 559 169 37 24 280 146 27 27 74 325 101 107 322 120 17 18 505 139 19 14 296 121 18 14 319 147 23 19 494 124 19 13 454 121 18 15 65 143 48 29 516 165 32 24 252 220 40 53 527 132 25 19 0 142 35 36 258 86 17 10 300 101 18 13 428 106 19 13 232 97 17 13 306 87 13 9 321 110 16 17 179 97 23 12 638 210 41 33 36 128 66 25 323 107 15 12 316 265 49 72 160 99 25 14 455 114 18 16 767 242 33 43 
153 28 161 52 33 70 333 95 111 280 147 27 27 558 168 36 25 322 121 16 17 296 121 18 14 611 172 41 26 319 147 22 19 493 124 19 13 522 131 26 20 248 227 47 50 514 164 30 25 634 209 45 31 65 143 48 29 503 138 20 15 428 106 19 13 300 101 17 13 232 97 17 13 0 141 35 37 454 121 17 14 258 86 16 10 306 87 13 8 322 111 15 15 178 97 24 12 317 278 47 67 323 107 14 12 36 128 66 24 455 115 18 14 561 194 34 26 160 99 25 13 312 277 49 68 
154 555 169 37 23 609 171 40 27 28 161 53 34 295 122 18 15 632 209 47 30 522 131 26 20 279 152 29 24 320 150 21 17 492 124 19 13 558 194 36 26 66 338 97 118 514 164 29 26 64 143 51 30 321 121 18 19 234 102 17 10 248 229 44 53 0 143 36 36 322 111 16 15 300 102 18 13 305 87 15 9 502 139 20 14 428 106 19 13 161 100 25 13 178 97 24 13 455 121 16 13 315 279 53 73 258 87 15 10 39 129 63 24 455 114 18 15 754 234 46 60 25 135 58 25 
155 555 168 36 23 30 162 52 33 604 171 44 25 296 123 18 14 280 152 28 25 320 150 23 18 559 193 33 26 522 130 26 20 54 345 106 126 69 145 50 27 493 123 20 14 629 205 50 30 514 162 29 25 322 112 18 14 322 122 20 18 302 102 17 13 234 102 17 10 0 143 37 35 161 100 25 14 247 230 43 59 258 87 15 10 454 121 17 14 428 106 19 12 178 97 25 13 307 87 13 9 316 294 52 69 751 233 49 54 316 294 52 69 455 114 17 15 26 136 56 24 40 129 62 24 501 139 18 14 495 132 17 15 
156 602 168 40 26 31 161 53 34 554 165 35 25 281 153 27 26 557 191 34 26 296 123 19 15 522 130 25 19 493 122 20 14 69 145 50 27 321 150 23 19 323 112 18 14 302 103 17 13 47 355 106 126 628 203 49 34 324 123 18 17 0 143 39 35 234 102 17 10 514 160 28 24 428 106 19 13 258 86 16 11 306 87 15 9 163 100 25 13 454 119 17 16 179 97 24 13 455 115 17 14 246 233 45 61 495 132 19 18 57 128 51 23 317 293 52 76 747 232 51 50 317 293 52 76 755 233 45 47 28 136 55 24 
157 601 169 40 24 32 163 53 33 554 165 34 25 282 153 27 28 556 189 32 28 522 130 24 19 323 113 20 13 69 145 51 28 38 364 118 130 243 245 53 52 303 102 17 14 493 123 20 14 625 203 50 32 161 101 25 13 296 124 20 15 324 128 20 15 180 98 25 12 513 159 27 25 235 102 17 11 0 143 37 36 454 120 17 15 322 151 23 19 429 105 19 13 306 87 15 10 494 132 20 18 57 128 51 24 258 87 17 11 745 233 54 40 316 295 57 81 455 114 17 15 29 136 51 24 321 84 15 9 316 295 57 81 745 229 53 47 
158 599 170 44 23 555 167 30 23 556 190 30 28 282 156 27 28 325 130 20 15 71 149 49 26 522 132 24 18 325 113 20 14 33 163 52 35 493 124 21 14 304 104 16 14 324 158 23 18 455 121 17 15 244 245 51 61 164 104 26 13 517 164 21 21 30 375 114 124 0 148 41 33 236 103 17 11 624 203 48 33 317 311 57 78 495 138 19 14 29 137 53 23 257 88 19 11 181 100 23 13 430 105 19 14 743 229 55 39 60 130 49 22 310 88 12 8 743 229 56 46 307 94 15 11 298 124 17 17 455 114 18 15 
159 551 166 33 24 598 172 42 23 70 151 51 27 556 191 29 28 298 130 22 14 283 161 29 27 456 122 17 14 326 132 19 16 519 164 19 23 323 158 26 21 183 103 25 12 21 391 120 108 33 167 53 34 624 203 46 33 523 134 22 17 496 138 18 16 0 150 42 33 245 251 48 63 165 106 25 14 494 126 18 13 327 116 18 13 34 137 69 24 307 95 16 10 494 130 18 16 305 105 15 14 734 228 64 40 236 106 17 12 304 109 16 14 432 111 18 13 317 311 60 88 322 87 14 8 734 230 63 44 432 106 17 13 
160 551 169 33 23 596 174 43 23 283 164 29 28 36 171 54 31 523 137 22 17 300 133 21 16 306 112 17 13 497 140 18 16 556 194 28 27 18 399 120 101 72 153 52 28 518 168 19 20 242 261 55 61 182 106 26 12 457 123 15 15 630 207 37 31 494 130 18 15 327 137 19 15 1 152 39 34 327 121 19 13 317 332 60 79 308 95 15 9 166 110 24 12 455 128 16 15 433 113 17 13 728 228 69 41 456 112 15 14 728 230 69 44 58 137 52 21 261 94 17 10 239 111 17 10 325 161 23 19 100 131 28 16 35 139 69 23 445 96 18 11 
161 594 172 39 24 551 170 31 23 36 173 53 31 283 166 28 29 521 139 23 16 307 114 16 13 326 139 20 15 495 141 20 17 70 154 55 28 553 194 28 26 326 165 22 23 327 123 19 13 514 168 23 24 493 131 19 16 5 415 126 85 298 133 23 20 630 208 34 30 166 112 25 12 726 228 65 41 0 154 40 34 260 97 18 10 241 261 51 70 455 130 16 14 238 112 19 11 431 114 18 13 456 123 16 15 314 327 64 97 307 97 14 8 184 108 25 12 323 95 15 8 724 230 65 43 241 261 51 70 455 113 16 15 
162 593 173 39 23 547 170 33 23 282 170 31 29 38 173 51 34 521 141 22 15 299 139 21 14 71 155 53 29 493 142 21 16 328 141 18 15 8 426 119 74 307 115 15 12 727 228 60 40 238 114 20 11 327 123 18 14 614 204 44 31 166 114 25 11 325 167 24 23 512 169 25 23 492 132 19 16 0 154 40 35 241 266 51 70 555 197 25 21 455 130 16 14 432 115 17 12 183 110 22 12 753 236 36 34 455 124 17 13 314 341 66 96 257 98 19 11 309 97 12 8 323 95 17 8 307 104 15 10 314 341 66 96 33 142 72 30 
